b=4, chi=2, seed=154, 
NOR:
    iter_times, elapsed_time, sqdiff: 300, 0.43352293968200684, 0.9142530321433668
    MSN: Tensor(
        [[-0.17993721-0.16313539j  0.68888381+0.79902006j -0.23847006+0.22379755j  0.36150396+0.33457272j]
         [ 1.16898714-0.60912354j -0.42720849-0.50968305j -0.58216639-0.41946019j  0.44133649+0.26129145j]
         [-0.82674212+0.04318694j  1.14839482-0.42845088j  0.30797013+0.67175264j  0.43329803-0.62512757j]
         [ 1.0381304 -0.62384429j  0.24364918-0.65064815j -0.5695013 -0.19950506j  0.78891677+0.15702225j]]
        labels=['kl', 'kr'],
        shape=(4, 4),
    )
    grad_by_reM_reM: Tensor(
        [-5.52335955e-15+2.77555756e-16j -1.44328993e-15+1.02695630e-15j  5.78009862e-15-1.48492330e-15j  3.06178694e-14+7.21644966e-16j -2.94209102e-15-9.99200722e-16j  6.58501031e-15+4.71844785e-16j -3.49720253e-15+5.75928194e-16j  4.61436445e-15-1.94289029e-16j]
        labels=[('kl', 'wHEcNxPd')],
        shape=(8,),
    )
    grad_by_imM_imM: Tensor(
        [ 1.00475184e-14+6.93889390e-16j  2.69229083e-15+7.77156117e-16j  1.60566005e-14-9.50628465e-16j -5.55111512e-16+1.12757026e-15j  5.71764858e-15+6.10622664e-16j  1.63480340e-14-4.23272528e-16j -4.50334214e-15-5.55111512e-17j -4.24660307e-15+2.01227923e-16j]
        labels=[('kl', 'wHEcNxPd')],
        shape=(8,),
    )
    hessian_by_M_M: [[ 6.47437955e+01 -1.44084710e+00 -1.79379253e+01  1.24167825e+01  3.09384900e+00 -1.46239342e+01 -1.42276888e+01 -8.83952561e+00  0.00000000e+00 -5.32737054e+00 -1.40419399e+01  3.12919857e+00  1.98466029e+01 -2.19601209e+01  1.21218324e+01  2.05752117e+00]
     [-1.44084710e+00  4.56505868e+01  4.43093933e+00 -7.72767997e+00 -5.13937617e-01 -5.48709769e-01 -2.94971016e-02 -2.07149659e-01  5.32737054e+00  0.00000000e+00 -6.09434349e+00 -1.20703748e+01  3.54793219e-01 -4.64976586e+00  4.36718878e+00 -6.15706802e+00]
     [-1.79379253e+01  4.43093933e+00  6.42516644e+01 -9.58944854e+00 -2.19420211e+01  2.96940192e+01  1.20517568e+01  1.01070073e+01  1.40419399e+01  6.09434349e+00  0.00000000e+00 -1.90457536e+01 -1.00542516e+01  1.46925416e+01 -1.93484898e+00 -7.76016690e+00]
     [ 1.24167825e+01 -7.72767997e+00 -9.58944854e+00  5.83570532e+01  3.92070685e+00 -1.67191561e+00 -1.74482337e+00 -3.66572562e+00 -3.12919857e+00  1.20703748e+01  1.90457536e+01  0.00000000e+00  1.09587282e+01  1.15005675e+00  1.24755241e+01  3.36452239e+00]
     [ 3.09384900e+00 -5.13937617e-01 -2.19420211e+01  3.92070685e+00  4.40282854e+01 -1.82451165e+01 -7.52821966e-01 -6.42745442e+00 -1.98466029e+01 -3.54793219e-01  1.00542516e+01 -1.09587282e+01  0.00000000e+00 -1.16801028e+00  3.40859126e-01  1.08483493e+01]
     [-1.46239342e+01 -5.48709769e-01  2.96940192e+01 -1.67191561e+00 -1.82451165e+01  6.23830371e+01 -5.24579704e+00  4.42389174e+00  2.19601209e+01  4.64976586e+00 -1.46925416e+01 -1.15005675e+00  1.16801028e+00  0.00000000e+00 -3.64433368e+00 -8.29860063e-01]
     [-1.42276888e+01 -2.94971016e-02  1.20517568e+01 -1.74482337e+00 -7.52821966e-01 -5.24579704e+00  3.93558126e+01  5.08080762e+00 -1.21218324e+01 -4.36718878e+00  1.93484898e+00 -1.24755241e+01 -3.40859126e-01  3.64433368e+00  0.00000000e+00 -1.33866361e+01]
     [-8.83952561e+00 -2.07149659e-01  1.01070073e+01 -3.66572562e+00 -6.42745442e+00  4.42389174e+00  5.08080762e+00  3.39953410e+01 -2.05752117e+00  6.15706802e+00  7.76016690e+00 -3.36452239e+00 -1.08483493e+01  8.29860063e-01  1.33866361e+01  0.00000000e+00]
     [ 0.00000000e+00  5.32737054e+00  1.40419399e+01 -3.12919857e+00 -1.98466029e+01  2.19601209e+01 -1.21218324e+01 -2.05752117e+00  6.47437955e+01 -1.44084710e+00 -1.79379253e+01  1.24167825e+01  3.09384900e+00 -1.46239342e+01 -1.42276888e+01 -8.83952561e+00]
     [-5.32737054e+00  0.00000000e+00  6.09434349e+00  1.20703748e+01 -3.54793219e-01  4.64976586e+00 -4.36718878e+00  6.15706802e+00 -1.44084710e+00  4.56505868e+01  4.43093933e+00 -7.72767997e+00 -5.13937617e-01 -5.48709769e-01 -2.94971016e-02 -2.07149659e-01]
     [-1.40419399e+01 -6.09434349e+00  0.00000000e+00  1.90457536e+01  1.00542516e+01 -1.46925416e+01  1.93484898e+00  7.76016690e+00 -1.79379253e+01  4.43093933e+00  6.42516644e+01 -9.58944854e+00 -2.19420211e+01  2.96940192e+01  1.20517568e+01  1.01070073e+01]
     [ 3.12919857e+00 -1.20703748e+01 -1.90457536e+01  0.00000000e+00 -1.09587282e+01 -1.15005675e+00 -1.24755241e+01 -3.36452239e+00  1.24167825e+01 -7.72767997e+00 -9.58944854e+00  5.83570532e+01  3.92070685e+00 -1.67191561e+00 -1.74482337e+00 -3.66572562e+00]
     [ 1.98466029e+01  3.54793219e-01 -1.00542516e+01  1.09587282e+01  0.00000000e+00  1.16801028e+00 -3.40859126e-01 -1.08483493e+01  3.09384900e+00 -5.13937617e-01 -2.19420211e+01  3.92070685e+00  4.40282854e+01 -1.82451165e+01 -7.52821966e-01 -6.42745442e+00]
     [-2.19601209e+01 -4.64976586e+00  1.46925416e+01  1.15005675e+00 -1.16801028e+00  0.00000000e+00  3.64433368e+00  8.29860063e-01 -1.46239342e+01 -5.48709769e-01  2.96940192e+01 -1.67191561e+00 -1.82451165e+01  6.23830371e+01 -5.24579704e+00  4.42389174e+00]
     [ 1.21218324e+01  4.36718878e+00 -1.93484898e+00  1.24755241e+01  3.40859126e-01 -3.64433368e+00  0.00000000e+00  1.33866361e+01 -1.42276888e+01 -2.94971016e-02  1.20517568e+01 -1.74482337e+00 -7.52821966e-01 -5.24579704e+00  3.93558126e+01  5.08080762e+00]
     [ 2.05752117e+00 -6.15706802e+00 -7.76016690e+00  3.36452239e+00  1.08483493e+01 -8.29860063e-01 -1.33866361e+01  0.00000000e+00 -8.83952561e+00 -2.07149659e-01  1.01070073e+01 -3.66572562e+00 -6.42745442e+00  4.42389174e+00  5.08080762e+00  3.39953410e+01]]
    eigvals of hessian_by_M_M: [143.70465619+0.j 143.70465619+0.j  80.07406204+0.j  80.07406204+0.j  54.85698291+0.j  54.85698291+0.j  47.67657737+0.j  47.67657737+0.j  37.23222692+0.j  37.23222692+0.j  11.61979311+0.j  11.61979311+0.j  19.72223475+0.j  19.72223475+0.j  17.87904286+0.j  17.87904286+0.j]
WCOR:
    iter_times, elapsed_time, sqdiff: 300, 0.606992244720459, 0.9142530321433667
    MSN: Tensor(
        [[-0.17993721-0.16313539j  0.68888381+0.79902006j -0.23847006+0.22379755j  0.36150396+0.33457272j]
         [ 1.16898714-0.60912354j -0.42720849-0.50968305j -0.58216639-0.41946019j  0.44133649+0.26129145j]
         [-0.82674212+0.04318694j  1.14839482-0.42845088j  0.30797013+0.67175264j  0.43329803-0.62512757j]
         [ 1.0381304 -0.62384429j  0.24364918-0.65064815j -0.5695013 -0.19950506j  0.78891677+0.15702225j]]
        labels=['kl', 'kr'],
        shape=(4, 4),
    )
    grad_by_reM_reM: Tensor(
        [ 1.74860126e-15-5.55111512e-17j -9.21485110e-15+1.94289029e-16j  3.34454686e-15-1.66533454e-15j  1.25940924e-15-2.49800181e-16j -8.40993941e-15-4.16333634e-16j  1.52933222e-14-1.66533454e-16j  5.57887070e-15+2.49800181e-16j  4.45130044e-15+1.11022302e-16j]
        labels=[('kl', 'wHEcNxPd')],
        shape=(8,),
    )
    grad_by_imM_imM: Tensor(
        [-2.68118860e-14-1.11022302e-16j  2.45636844e-15+5.55111512e-16j  1.99840144e-15+1.08246745e-15j -6.55031585e-15-5.23886490e-16j  1.24067423e-14-3.60822483e-16j  1.36002321e-14+1.94289029e-16j  3.16413562e-15-3.05311332e-16j -3.05311332e-15+1.70349845e-15j]
        labels=[('kl', 'wHEcNxPd')],
        shape=(8,),
    )
    hessian_by_M_M: [[ 59.94075616  -2.37443164 -15.64983912  10.30216168   2.84072633 -15.30226725 -13.56503182  -6.61000675   0.          -7.7726194  -12.74896499   1.66070813  15.65590407 -17.71516651  11.04185262   2.01177808]
     [ -2.37443164  36.08641751   5.76250374  -7.00990043  -0.59327995   0.67528259   0.4041037    0.24067418   7.7726194    0.          -5.24724004  -9.16694104  -0.9482375   -2.83136011   2.44852023  -5.21110647]
     [-15.64983912   5.76250374  59.81821683 -10.12064847 -17.65472999  27.61097038  12.70628066   6.71444536  12.74896499   5.24724004   0.         -18.98108702  -5.805682     9.26014203  -0.73512451  -7.46597294]
     [ 10.30216168  -7.00990043 -10.12064847  47.2220941    2.79165962  -2.9696359   -4.18893718  -2.83389323  -1.66070813   9.16694104  18.98108702   0.           9.74808369   0.16161678  10.4213366    2.61434941]
     [  2.84072633  -0.59327995 -17.65472999   2.79165962  38.12521755 -13.61227821  -2.32570886  -3.63021991 -15.65590407   0.9482375    5.805682    -9.74808369   0.          -2.8803463    0.79899198   9.56406827]
     [-15.30226725   0.67528259  27.61097038  -2.9696359  -13.61227821  50.43880314  -3.47620194   3.71407558  17.71516651   2.83136011  -9.26014203  -0.16161678   2.8803463    0.          -3.57966811  -0.9951061 ]
     [-13.56503182   0.4041037   12.70628066  -4.18893718  -2.32570886  -3.47620194  38.5069499    2.53577321 -11.04185262  -2.44852023   0.73512451 -10.4213366   -0.79899198   3.57966811   0.         -14.37587685]
     [ -6.61000675   0.24067418   6.71444536  -2.83389323  -3.63021991   3.71407558   2.53577321  26.62524994  -2.01177808   5.21110647   7.46597294  -2.61434941  -9.56406827   0.9951061   14.37587685   0.        ]
     [  0.           7.7726194   12.74896499  -1.66070813 -15.65590407  17.71516651 -11.04185262  -2.01177808  59.94075616  -2.37443164 -15.64983912  10.30216168   2.84072633 -15.30226725 -13.56503182  -6.61000675]
     [ -7.7726194    0.           5.24724004   9.16694104   0.9482375    2.83136011  -2.44852023   5.21110647  -2.37443164  36.08641751   5.76250374  -7.00990043  -0.59327995   0.67528259   0.4041037    0.24067418]
     [-12.74896499  -5.24724004   0.          18.98108702   5.805682    -9.26014203   0.73512451   7.46597294 -15.64983912   5.76250374  59.81821683 -10.12064847 -17.65472999  27.61097038  12.70628066   6.71444536]
     [  1.66070813  -9.16694104 -18.98108702   0.          -9.74808369  -0.16161678 -10.4213366   -2.61434941  10.30216168  -7.00990043 -10.12064847  47.2220941    2.79165962  -2.9696359   -4.18893718  -2.83389323]
     [ 15.65590407  -0.9482375   -5.805682     9.74808369   0.           2.8803463   -0.79899198  -9.56406827   2.84072633  -0.59327995 -17.65472999   2.79165962  38.12521755 -13.61227821  -2.32570886  -3.63021991]
     [-17.71516651  -2.83136011   9.26014203   0.16161678  -2.8803463    0.           3.57966811   0.9951061  -15.30226725   0.67528259  27.61097038  -2.9696359  -13.61227821  50.43880314  -3.47620194   3.71407558]
     [ 11.04185262   2.44852023  -0.73512451  10.4213366    0.79899198  -3.57966811   0.          14.37587685 -13.56503182   0.4041037   12.70628066  -4.18893718  -2.32570886  -3.47620194  38.5069499    2.53577321]
     [  2.01177808  -5.21110647  -7.46597294   2.61434941   9.56406827  -0.9951061  -14.37587685   0.          -6.61000675   0.24067418   6.71444536  -2.83389323  -3.63021991   3.71407558   2.53577321  26.62524994]]
    eigvals of hessian_by_M_M: [125.91839685+0.j 125.91839685+0.j  68.98471741+0.j  68.98471741+0.j  49.19569493+0.j  49.19569493+0.j  42.41435234+0.j  42.41435234+0.j  29.95956128+0.j  29.95956128+0.j   9.4023844 +0.j   9.4023844 +0.j  14.43245144+0.j  14.43245144+0.j  16.45614648+0.j  16.45614648+0.j]
WROR:
    iter_times, elapsed_time, sqdiff: 300, 0.6798932552337646, 0.9142530321433631
    MSN: Tensor(
        [[-0.17993721-0.16313539j  0.68888381+0.79902006j -0.23847006+0.22379755j  0.36150396+0.33457272j]
         [ 1.16898714-0.60912354j -0.42720849-0.50968305j -0.58216639-0.41946019j  0.44133649+0.26129145j]
         [-0.82674212+0.04318694j  1.14839482-0.42845088j  0.30797013+0.67175264j  0.43329803-0.62512757j]
         [ 1.0381304 -0.62384429j  0.24364918-0.65064815j -0.5695013 -0.19950506j  0.78891677+0.15702225j]]
        labels=['kl', 'kr'],
        shape=(4, 4),
    )
    grad_by_reM_reM: Tensor(
        [-3.88682142e-14+2.77555756e-16j -1.47382107e-14-6.52256027e-16j -5.66560687e-15-3.88578059e-16j -1.64729341e-14-3.74700271e-16j -1.39055434e-14+1.24900090e-15j  1.13659082e-14-4.30211422e-16j -1.33643097e-14+2.77555756e-16j  1.30520594e-14+1.52655666e-16j]
        labels=[('kl', 'wHEcNxPd')],
        shape=(8,),
    )
    grad_by_imM_imM: Tensor(
        [ 1.80411242e-14-2.63677968e-16j  4.42701431e-15-1.38777878e-16j  1.17267307e-14-6.59194921e-17j  9.33975119e-15+2.91433544e-16j -1.25732758e-14+1.38777878e-16j  2.35922393e-16-5.96744876e-16j -1.29340982e-14+1.42941214e-15j -3.76088050e-15-2.77555756e-17j]
        labels=[('kl', 'wHEcNxPd')],
        shape=(8,),
    )
    hessian_by_M_M: [[27.17403404 -3.51046914 -6.08135303  4.35301097 -0.3348177  -9.34751305 -6.64941391 -1.22533203  0.          0.25649004 -6.4066022  -2.19484267  6.76495641 -2.87240917  5.61177075  0.68883583]
     [-3.51046914 12.11319293  2.79849162 -3.20207396  0.64664925  1.11963311  0.77440247  0.28322487 -0.25649004  0.          0.38455301 -2.78052969 -1.3648646   0.21257211  0.40085067 -1.78282592]
     [-6.08135303  2.79849162 25.36517124 -7.65214769 -6.45215349 11.49838345  5.20838618 -0.40499653  6.4066022  -0.38455301  0.         -1.5369239  -2.66233341 -3.80449544 -0.61459839 -3.25189948]
     [ 4.35301097 -3.20207396 -7.65214769 16.46862329 -1.06650581 -2.70077367 -4.57206842 -0.86382973  2.19484267  2.78052969  1.5369239   0.          4.49398232 -0.9531968   2.06660566  0.67931295]
     [-0.3348177   0.64664925 -6.45215349 -1.06650581 16.37194786 -3.70900453 -0.87175081  1.39615859 -6.76495641  1.3648646   2.66233341 -4.49398232  0.          3.56705706  0.71255284  3.60145655]
     [-9.34751305  1.11963311 11.49838345 -2.70077367 -3.70900453 17.57434167  0.14897018  1.4869992   2.87240917 -0.21257211  3.80449544  0.9531968  -3.56705706  0.         -1.99967031 -0.62198178]
     [-6.64941391  0.77440247  5.20838618 -4.57206842 -0.87175081  0.14897018 17.14866391 -2.95677009 -5.61177075 -0.40085067  0.61459839 -2.06660566 -0.71255284  1.99967031  0.         -3.71919454]
     [-1.22533203  0.28322487 -0.40499653 -0.86382973  1.39615859  1.4869992  -2.95677009  8.47069604 -0.68883583  1.78282592  3.25189948 -0.67931295 -3.60145655  0.62198178  3.71919454  0.        ]
     [ 0.         -0.25649004  6.4066022   2.19484267 -6.76495641  2.87240917 -5.61177075 -0.68883583 27.17403404 -3.51046914 -6.08135303  4.35301097 -0.3348177  -9.34751305 -6.64941391 -1.22533203]
     [ 0.25649004  0.         -0.38455301  2.78052969  1.3648646  -0.21257211 -0.40085067  1.78282592 -3.51046914 12.11319293  2.79849162 -3.20207396  0.64664925  1.11963311  0.77440247  0.28322487]
     [-6.4066022   0.38455301  0.          1.5369239   2.66233341  3.80449544  0.61459839  3.25189948 -6.08135303  2.79849162 25.36517124 -7.65214769 -6.45215349 11.49838345  5.20838618 -0.40499653]
     [-2.19484267 -2.78052969 -1.5369239   0.         -4.49398232  0.9531968  -2.06660566 -0.67931295  4.35301097 -3.20207396 -7.65214769 16.46862329 -1.06650581 -2.70077367 -4.57206842 -0.86382973]
     [ 6.76495641 -1.3648646  -2.66233341  4.49398232  0.         -3.56705706 -0.71255284 -3.60145655 -0.3348177   0.64664925 -6.45215349 -1.06650581 16.37194786 -3.70900453 -0.87175081  1.39615859]
     [-2.87240917  0.21257211 -3.80449544 -0.9531968   3.56705706  0.          1.99967031  0.62198178 -9.34751305  1.11963311 11.49838345 -2.70077367 -3.70900453 17.57434167  0.14897018  1.4869992 ]
     [ 5.61177075  0.40085067 -0.61459839  2.06660566  0.71255284 -1.99967031  0.          3.71919454 -6.64941391  0.77440247  5.20838618 -4.57206842 -0.87175081  0.14897018 17.14866391 -2.95677009]
     [ 0.68883583 -1.78282592 -3.25189948  0.67931295  3.60145655 -0.62198178 -3.71919454  0.         -1.22533203  0.28322487 -0.40499653 -0.86382973  1.39615859  1.4869992  -2.95677009  8.47069604]]
    eigvals of hessian_by_M_M: [52.98064848+0.j 52.98064848+0.j 27.27245131+0.j 27.27245131+0.j 18.26374121+0.j 18.26374121+0.j 15.03331333+0.j 15.03331333+0.j 10.82476655+0.j 10.82476655+0.j  3.79287795+0.j  3.79287795+0.j  6.90233515+0.j  6.90233515+0.j  5.616537  +0.j  5.616537  +0.j]
IWROR:
    iter_times, elapsed_time, sqdiff: 300, 0.6148159503936768, 0.9142530321433611
    MSN: Tensor(
        [[-0.17993721-0.16313539j  0.68888381+0.79902006j -0.23847006+0.22379755j  0.36150396+0.33457272j]
         [ 1.16898714-0.60912354j -0.42720849-0.50968305j -0.58216639-0.41946019j  0.44133649+0.26129145j]
         [-0.82674212+0.04318694j  1.14839482-0.42845088j  0.30797013+0.67175264j  0.43329803-0.62512757j]
         [ 1.0381304 -0.62384429j  0.24364918-0.65064815j -0.5695013 -0.19950506j  0.78891677+0.15702225j]]
        labels=['kl', 'kr'],
        shape=(4, 4),
    )
    grad_by_reM_reM: Tensor(
        [-9.96338428e-15+7.21644966e-16j  2.96984659e-15-4.16333634e-16j -3.64291930e-15-1.38777878e-15j -9.92261828e-16-2.91433544e-16j  4.63518113e-15-4.57966998e-16j -9.67281810e-15+6.24500451e-16j  5.96744876e-16+6.93889390e-17j -2.25167107e-15-4.30211422e-16j]
        labels=[('kl', 'wHEcNxPd')],
        shape=(8,),
    )
    grad_by_imM_imM: Tensor(
        [ 7.16093851e-15+3.35668993e-16j -2.30371278e-14-4.16333634e-16j  3.85802501e-15+9.99200722e-16j  1.95676808e-15-1.13103971e-15j -6.81399381e-15-1.38777878e-16j  1.09773302e-14-5.68989300e-16j -4.28823643e-15-2.35922393e-16j  7.78543896e-15+5.23886490e-16j]
        labels=[('kl', 'wHEcNxPd')],
        shape=(8,),
    )
    hessian_by_M_M: [[ 32.4018784   -3.32624434  -7.25919609   4.78883118  -0.35561696 -10.71181786  -7.92230779  -1.53885255   0.          -0.31600866  -7.61707224  -2.53892977   8.01904654  -3.27073894   6.67016284   1.0752963 ]
     [ -3.32624434  13.54907959   3.22226924  -3.38483248   0.5953996    1.04758679   0.61607901   0.29622713   0.31600866   0.           0.10044859  -3.18201638  -1.3962515   -0.05469132   0.50738149  -2.02050059]
     [ -7.25919609   3.22226924  30.30053014  -8.18299878  -7.68086059  13.18196024   6.2560433   -0.27413027   7.61707224  -0.10044859   0.          -2.45019782  -3.1020437   -4.20181855  -0.7033988   -3.89555589]
     [  4.78883118  -3.38483248  -8.18299878  18.31296237  -1.30411994  -2.61937302  -5.11927979  -1.01967401   2.53892977   3.18201638   2.45019782   0.           5.03092904  -0.83546424   2.53593104   0.81121461]
     [ -0.35561696   0.5953996   -7.68086059  -1.30411994  19.49519438  -3.94346816  -1.07715449   1.5496245   -8.01904654   1.3962515    3.1020437   -5.03092904   0.           3.69504171   0.8498121    4.23604848]
     [-10.71181786   1.04758679  13.18196024  -2.61937302  -3.94346816  19.59740645   0.10354968   1.62727604   3.27073894   0.05469132   4.20181855   0.83546424  -3.69504171   0.          -2.3104775   -0.63594533]
     [ -7.92230779   0.61607901   6.2560433   -5.11927979  -1.07715449   0.10354968  20.4986603   -2.90872183  -6.67016284  -0.50738149   0.7033988   -2.53593104  -0.8498121    2.3104775    0.          -4.7253387 ]
     [ -1.53885255   0.29622713  -0.27413027  -1.01967401   1.5496245    1.62727604  -2.90872183   9.58577044  -1.0752963    2.02050059   3.89555589  -0.81121461  -4.23604848   0.63594533   4.7253387    0.        ]
     [  0.           0.31600866   7.61707224   2.53892977  -8.01904654   3.27073894  -6.67016284  -1.0752963   32.4018784   -3.32624434  -7.25919609   4.78883118  -0.35561696 -10.71181786  -7.92230779  -1.53885255]
     [ -0.31600866   0.          -0.10044859   3.18201638   1.3962515    0.05469132  -0.50738149   2.02050059  -3.32624434  13.54907959   3.22226924  -3.38483248   0.5953996    1.04758679   0.61607901   0.29622713]
     [ -7.61707224   0.10044859   0.           2.45019782   3.1020437    4.20181855   0.7033988    3.89555589  -7.25919609   3.22226924  30.30053014  -8.18299878  -7.68086059  13.18196024   6.2560433   -0.27413027]
     [ -2.53892977  -3.18201638  -2.45019782   0.          -5.03092904   0.83546424  -2.53593104  -0.81121461   4.78883118  -3.38483248  -8.18299878  18.31296237  -1.30411994  -2.61937302  -5.11927979  -1.01967401]
     [  8.01904654  -1.3962515   -3.1020437    5.03092904   0.          -3.69504171  -0.8498121   -4.23604848  -0.35561696   0.5953996   -7.68086059  -1.30411994  19.49519438  -3.94346816  -1.07715449   1.5496245 ]
     [ -3.27073894  -0.05469132  -4.20181855  -0.83546424   3.69504171   0.           2.3104775    0.63594533 -10.71181786   1.04758679  13.18196024  -2.61937302  -3.94346816  19.59740645   0.10354968   1.62727604]
     [  6.67016284   0.50738149  -0.7033988    2.53593104   0.8498121   -2.3104775    0.           4.7253387   -7.92230779   0.61607901   6.2560433   -5.11927979  -1.07715449   0.10354968  20.4986603   -2.90872183]
     [  1.0752963   -2.02050059  -3.89555589   0.81121461   4.23604848  -0.63594533  -4.7253387    0.          -1.53885255   0.29622713  -0.27413027  -1.01967401   1.5496245    1.62727604  -2.90872183   9.58577044]]
    eigvals of hessian_by_M_M: [61.34514381+0.j 61.34514381+0.j 32.15746909+0.j 32.15746909+0.j 21.45106341+0.j 21.45106341+0.j 17.44713181+0.j 17.44713181+0.j  4.37854007+0.j 12.43589731+0.j 12.43589731+0.j  4.37854007+0.j  7.95685116+0.j  7.95685116+0.j  6.56938542+0.j  6.56938542+0.j]
WLBOR:
    iter_times, elapsed_time, sqdiff: 300, 1.5293769836425781, 0.9142530321433655
    MSN: Tensor(
        [[-0.17993721-0.16313539j  0.68888381+0.79902006j -0.23847006+0.22379755j  0.36150396+0.33457272j]
         [ 1.16898714-0.60912354j -0.42720849-0.50968305j -0.58216639-0.41946019j  0.44133649+0.26129145j]
         [-0.82674212+0.04318694j  1.14839482-0.42845088j  0.30797013+0.67175264j  0.43329803-0.62512757j]
         [ 1.03813039-0.62384429j  0.24364918-0.65064815j -0.5695013 -0.19950506j  0.78891677+0.15702225j]]
        labels=['kl', 'kr'],
        shape=(4, 4),
    )
    grad_by_reM_reM: Tensor(
        [-1.00036220e-08+1.66533454e-16j  1.31629355e-08-2.49800181e-16j  1.91517080e-09+2.35922393e-16j  3.26315621e-09+3.12250226e-15j -8.29477259e-09+8.32667268e-17j -2.48970493e-09+0.00000000e+00j -6.14799794e-10-1.11022302e-15j -2.09427298e-09+6.93889390e-16j]
        labels=[('kl', 'wHEcNxPd')],
        shape=(8,),
    )
    grad_by_imM_imM: Tensor(
        [ 1.45493089e-08+1.33226763e-15j  8.63370558e-09-6.10622664e-16j  4.70802584e-09+4.30211422e-16j  5.59854392e-09+1.72431514e-15j -5.71314515e-09-1.66533454e-16j  1.50007474e-08+2.49800181e-16j -4.71531640e-09-1.52655666e-15j -3.48898568e-09+8.95117314e-16j]
        labels=[('kl', 'wHEcNxPd')],
        shape=(8,),
    )
    hessian_by_M_M: [[ 6.47376477e+01 -1.44240277e+00 -1.79339889e+01  1.24322280e+01  3.07448930e+00 -1.46160074e+01 -1.42286435e+01 -8.83930339e+00  0.00000000e+00 -5.25894672e+00 -1.40505795e+01  3.12137973e+00  1.98689504e+01 -2.19607598e+01  1.21302392e+01  2.05287333e+00]
     [-1.44240277e+00  4.56419921e+01  4.41092602e+00 -7.72160869e+00 -5.11944925e-01 -5.57755311e-01 -3.25428111e-02 -2.09096616e-01  5.25894672e+00  0.00000000e+00 -6.08067706e+00 -1.20720039e+01  3.58681527e-01 -4.64788749e+00  4.37519559e+00 -6.15275302e+00]
     [-1.79339889e+01  4.41092602e+00  6.42207989e+01 -9.58924917e+00 -2.19488441e+01  2.96871777e+01  1.20286897e+01  1.01094744e+01  1.40505795e+01  6.08067706e+00  0.00000000e+00 -1.89667703e+01 -1.00894902e+01  1.46931066e+01 -1.94890541e+00 -7.75753304e+00]
     [ 1.24322280e+01 -7.72160869e+00 -9.58924917e+00  5.83362351e+01  3.92023108e+00 -1.66585365e+00 -1.73438700e+00 -3.67048884e+00 -3.12137973e+00  1.20720039e+01  1.89667703e+01  0.00000000e+00  1.09639356e+01  1.14547252e+00  1.24748663e+01  3.36111855e+00]
     [ 3.07448930e+00 -5.11944925e-01 -2.19488441e+01  3.92023108e+00  4.40389507e+01 -1.82554602e+01 -7.34193698e-01 -6.43198677e+00 -1.98689504e+01 -3.58681527e-01  1.00894902e+01 -1.09639356e+01  0.00000000e+00 -1.09468972e+00  3.40141011e-01  1.08504572e+01]
     [-1.46160074e+01 -5.57755311e-01  2.96871777e+01 -1.66585365e+00 -1.82554602e+01  6.23705408e+01 -5.24918038e+00  4.42631448e+00  2.19607598e+01  4.64788749e+00 -1.46931066e+01 -1.14547252e+00  1.09468972e+00  0.00000000e+00 -3.64647727e+00 -8.28390769e-01]
     [-1.42286435e+01 -3.25428111e-02  1.20286897e+01 -1.73438700e+00 -7.34193698e-01 -5.24918038e+00  3.93271618e+01  5.08184564e+00 -1.21302392e+01 -4.37519559e+00  1.94890541e+00 -1.24748663e+01 -3.40141011e-01  3.64647727e+00  0.00000000e+00 -1.33359414e+01]
     [-8.83930339e+00 -2.09096616e-01  1.01094744e+01 -3.67048884e+00 -6.43198677e+00  4.42631448e+00  5.08184564e+00  3.39847750e+01 -2.05287333e+00  6.15275302e+00  7.75753304e+00 -3.36111855e+00 -1.08504572e+01  8.28390769e-01  1.33359414e+01  0.00000000e+00]
     [ 0.00000000e+00  5.25894672e+00  1.40505795e+01 -3.12137973e+00 -1.98689504e+01  2.19607598e+01 -1.21302392e+01 -2.05287333e+00  6.47376477e+01 -1.44240277e+00 -1.79339889e+01  1.24322280e+01  3.07448930e+00 -1.46160074e+01 -1.42286435e+01 -8.83930339e+00]
     [-5.25894672e+00  0.00000000e+00  6.08067706e+00  1.20720039e+01 -3.58681527e-01  4.64788749e+00 -4.37519559e+00  6.15275302e+00 -1.44240277e+00  4.56419921e+01  4.41092602e+00 -7.72160869e+00 -5.11944925e-01 -5.57755311e-01 -3.25428111e-02 -2.09096616e-01]
     [-1.40505795e+01 -6.08067706e+00  0.00000000e+00  1.89667703e+01  1.00894902e+01 -1.46931066e+01  1.94890541e+00  7.75753304e+00 -1.79339889e+01  4.41092602e+00  6.42207989e+01 -9.58924917e+00 -2.19488441e+01  2.96871777e+01  1.20286897e+01  1.01094744e+01]
     [ 3.12137973e+00 -1.20720039e+01 -1.89667703e+01  0.00000000e+00 -1.09639356e+01 -1.14547252e+00 -1.24748663e+01 -3.36111855e+00  1.24322280e+01 -7.72160869e+00 -9.58924917e+00  5.83362351e+01  3.92023108e+00 -1.66585365e+00 -1.73438700e+00 -3.67048884e+00]
     [ 1.98689504e+01  3.58681527e-01 -1.00894902e+01  1.09639356e+01  0.00000000e+00  1.09468972e+00 -3.40141011e-01 -1.08504572e+01  3.07448930e+00 -5.11944925e-01 -2.19488441e+01  3.92023108e+00  4.40389507e+01 -1.82554602e+01 -7.34193698e-01 -6.43198677e+00]
     [-2.19607598e+01 -4.64788749e+00  1.46931066e+01  1.14547252e+00 -1.09468972e+00  0.00000000e+00  3.64647727e+00  8.28390769e-01 -1.46160074e+01 -5.57755311e-01  2.96871777e+01 -1.66585365e+00 -1.82554602e+01  6.23705408e+01 -5.24918038e+00  4.42631448e+00]
     [ 1.21302392e+01  4.37519559e+00 -1.94890541e+00  1.24748663e+01  3.40141011e-01 -3.64647727e+00  0.00000000e+00  1.33359414e+01 -1.42286435e+01 -3.25428111e-02  1.20286897e+01 -1.73438700e+00 -7.34193698e-01 -5.24918038e+00  3.93271618e+01  5.08184564e+00]
     [ 2.05287333e+00 -6.15275302e+00 -7.75753304e+00  3.36111855e+00  1.08504572e+01 -8.28390769e-01 -1.33359414e+01  0.00000000e+00 -8.83930339e+00 -2.09096616e-01  1.01094744e+01 -3.67048884e+00 -6.43198677e+00  4.42631448e+00  5.08184564e+00  3.39847750e+01]]
    eigvals of hessian_by_M_M: [143.68590193+0.j 143.68590193+0.j  80.03724421+0.j  80.03724421+0.j  54.81552598+0.j  54.81552598+0.j  47.62347212+0.j  47.62347212+0.j  37.24365593+0.j  37.24365593+0.j  11.62940335+0.j  11.62940335+0.j  19.73024645+0.j  19.73024645+0.j  17.89265198+0.j  17.89265198+0.j]
WNAG:
    iter_times, elapsed_time, sqdiff: 300, 0.6344280242919922, 0.9247330651442747
    MSN: Tensor(
        [[-0.186118  -0.15763947j  0.69585375+0.79511408j -0.23328145+0.22671442j  0.36082854+0.33055936j]
         [ 1.17779162-0.606688j   -0.42650064-0.50332051j -0.58541561-0.42514269j  0.44172504+0.27057349j]
         [-0.82307172+0.04866683j  1.14644761-0.44054262j  0.31206635+0.66855432j  0.43074133-0.62827885j]
         [ 1.04852191-0.61609658j  0.24467125-0.64949337j -0.56959386-0.20737831j  0.78704421+0.16570407j]]
        labels=['kl', 'kr'],
        shape=(4, 4),
    )
    grad_by_reM_reM: Tensor(
        [ 0.81830056+1.33226763e-15j -0.43375112-3.55271368e-15j -0.85833574-6.32827124e-15j -0.45015191+4.21884749e-15j  0.23610614-3.49720253e-15j  0.24355741+2.94209102e-15j -0.52572165-1.77635684e-15j -0.99828213+4.55191440e-15j]
        labels=[('kl', 'wHEcNxPd')],
        shape=(8,),
    )
    grad_by_imM_imM: Tensor(
        [ 0.57372251-2.94209102e-15j -0.89800699+9.99200722e-16j -1.68442112-7.21644966e-16j  1.90358068+4.08006962e-15j  0.52510597-4.44089210e-16j -0.47480471+2.77555756e-15j -1.96025387+4.77395901e-15j  1.85840638-2.99760217e-15j]
        labels=[('kl', 'wHEcNxPd')],
        shape=(8,),
    )
    hessian_by_M_M: [[ 5.54885740e+02 -4.36951506e+02 -2.05814455e+02  1.09939380e+02  1.08353588e+02  1.18760551e+00 -6.45611578e+01  5.36330888e+01  0.00000000e+00 -3.66648991e+02 -9.43086489e+01  2.10478057e+02  1.66226766e+02 -2.14856684e+02  3.35291077e+01  2.26969176e+01]
     [-4.36951506e+02  5.96435019e+02  2.24274816e+02 -2.25979547e+02 -1.80519159e+02  1.32831613e+02  2.85465388e+01 -4.86417385e+01  3.66648991e+02  0.00000000e+00 -6.15244656e+01 -9.65387896e+01 -5.11034422e+01  1.53062554e+02 -5.44139779e+01  6.23967010e+00]
     [-2.05814455e+02  2.24274816e+02  6.77934263e+02 -5.46859897e+02 -2.63181992e+02  1.74771300e+02  8.56532277e+01 -4.48325254e+01  9.43086489e+01  6.15244656e+01  0.00000000e+00 -4.65897919e+02 -9.79249685e+01  2.53082429e+02  7.28319154e-01 -6.54671706e+01]
     [ 1.09939380e+02 -2.25979547e+02 -5.46859897e+02  7.70604174e+02  2.58294512e+02 -2.79954621e+02 -6.47333263e+01  8.18747117e+01 -2.10478057e+02  9.65387896e+01  4.65897919e+02  0.00000000e+00 -7.71862602e+01 -9.01147139e+01  6.60687059e+01  1.21454047e+01]
     [ 1.08353588e+02 -1.80519159e+02 -2.63181992e+02  2.58294512e+02  5.36959384e+02 -4.57792707e+02  1.30936852e+01 -3.59844652e+01 -1.66226766e+02  5.11034422e+01  9.79249685e+01  7.71862602e+01  0.00000000e+00 -3.55162909e+02 -2.39663230e+01  2.36099348e+01]
     [ 1.18760551e+00  1.32831613e+02  1.74771300e+02 -2.79954621e+02 -4.57792707e+02  6.33808133e+02 -4.42628862e+00  1.80706223e+01  2.14856684e+02 -1.53062554e+02 -2.53082429e+02  9.01147139e+01  3.55162909e+02  0.00000000e+00  2.24684803e+01 -3.14507336e+01]
     [-6.45611578e+01  2.85465388e+01  8.56532277e+01 -6.47333263e+01  1.30936852e+01 -4.42628862e+00  3.49898223e+02 -2.71043843e+02 -3.35291077e+01  5.44139779e+01 -7.28319154e-01 -6.60687059e+01  2.39663230e+01 -2.24684803e+01  0.00000000e+00 -2.47183297e+02]
     [ 5.36330888e+01 -4.86417385e+01 -4.48325254e+01  8.18747117e+01 -3.59844652e+01  1.80706223e+01 -2.71043843e+02  3.90774631e+02 -2.26969176e+01 -6.23967010e+00  6.54671706e+01 -1.21454047e+01 -2.36099348e+01  3.14507336e+01  2.47183297e+02  0.00000000e+00]
     [ 0.00000000e+00  3.66648991e+02  9.43086489e+01 -2.10478057e+02 -1.66226766e+02  2.14856684e+02 -3.35291077e+01 -2.26969176e+01  5.54885740e+02 -4.36951506e+02 -2.05814455e+02  1.09939380e+02  1.08353588e+02  1.18760551e+00 -6.45611578e+01  5.36330888e+01]
     [-3.66648991e+02  0.00000000e+00  6.15244656e+01  9.65387896e+01  5.11034422e+01 -1.53062554e+02  5.44139779e+01 -6.23967010e+00 -4.36951506e+02  5.96435019e+02  2.24274816e+02 -2.25979547e+02 -1.80519159e+02  1.32831613e+02  2.85465388e+01 -4.86417385e+01]
     [-9.43086489e+01 -6.15244656e+01  0.00000000e+00  4.65897919e+02  9.79249685e+01 -2.53082429e+02 -7.28319154e-01  6.54671706e+01 -2.05814455e+02  2.24274816e+02  6.77934263e+02 -5.46859897e+02 -2.63181992e+02  1.74771300e+02  8.56532277e+01 -4.48325254e+01]
     [ 2.10478057e+02 -9.65387896e+01 -4.65897919e+02  0.00000000e+00  7.71862602e+01  9.01147139e+01 -6.60687059e+01 -1.21454047e+01  1.09939380e+02 -2.25979547e+02 -5.46859897e+02  7.70604174e+02  2.58294512e+02 -2.79954621e+02 -6.47333263e+01  8.18747117e+01]
     [ 1.66226766e+02 -5.11034422e+01 -9.79249685e+01 -7.71862602e+01  0.00000000e+00  3.55162909e+02  2.39663230e+01 -2.36099348e+01  1.08353588e+02 -1.80519159e+02 -2.63181992e+02  2.58294512e+02  5.36959384e+02 -4.57792707e+02  1.30936852e+01 -3.59844652e+01]
     [-2.14856684e+02  1.53062554e+02  2.53082429e+02 -9.01147139e+01 -3.55162909e+02  0.00000000e+00 -2.24684803e+01  3.14507336e+01  1.18760551e+00  1.32831613e+02  1.74771300e+02 -2.79954621e+02 -4.57792707e+02  6.33808133e+02 -4.42628862e+00  1.80706223e+01]
     [ 3.35291077e+01 -5.44139779e+01  7.28319154e-01  6.60687059e+01 -2.39663230e+01  2.24684803e+01  0.00000000e+00  2.47183297e+02 -6.45611578e+01  2.85465388e+01  8.56532277e+01 -6.47333263e+01  1.30936852e+01 -4.42628862e+00  3.49898223e+02 -2.71043843e+02]
     [ 2.26969176e+01  6.23967010e+00 -6.54671706e+01  1.21454047e+01  2.36099348e+01 -3.14507336e+01 -2.47183297e+02  0.00000000e+00  5.36330888e+01 -4.86417385e+01 -4.48325254e+01  8.18747117e+01 -3.59844652e+01  1.80706223e+01 -2.71043843e+02  3.90774631e+02]]
    eigvals of hessian_by_M_M: [2.25611940e+03+0.j 2.25611940e+03+0.j 9.37133391e+02+0.j 9.37133391e+02+0.j 5.65465915e+02+0.j 7.39869919e+02+0.j 7.39869919e+02+0.j 5.65465915e+02+0.j 5.17058917e+00+0.j 5.17058917e+00+0.j 3.58696617e+00+0.j 3.58696617e+00+0.j 1.57538341e+00+0.j 1.57538341e+00+0.j 2.37800643e+00+0.j 2.37800643e+00+0.j]
SNAG:
    iter_times, elapsed_time, sqdiff: 300, 0.6465911865234375, 0.9142530321433638
    MSN: Tensor(
        [[-0.17993721-0.16313539j  0.68888381+0.79902006j -0.23847006+0.22379755j  0.36150396+0.33457272j]
         [ 1.16898714-0.60912354j -0.42720849-0.50968305j -0.58216639-0.41946019j  0.44133649+0.26129145j]
         [-0.82674212+0.04318694j  1.14839482-0.42845088j  0.30797013+0.67175264j  0.43329803-0.62512757j]
         [ 1.0381304 -0.62384429j  0.24364918-0.65064815j -0.5695013 -0.19950506j  0.78891677+0.15702225j]]
        labels=['kl', 'kr'],
        shape=(4, 4),
    )
    grad_by_reM_reM: Tensor(
        [-4.06619183e-15+1.66533454e-16j -2.06779038e-15+4.09394740e-16j -3.21617732e-15-6.10622664e-16j -2.90739655e-15-1.83880688e-16j  2.20656826e-15-6.17561557e-16j -3.73312492e-15+2.77555756e-16j  3.93435284e-15+4.16333634e-16j  1.49186219e-16-3.53883589e-16j]
        labels=[('kl', 'wHEcNxPd')],
        shape=(8,),
    )
    grad_by_imM_imM: Tensor(
        [-5.32907052e-15+5.41233725e-16j -1.50573998e-15-4.57966998e-16j -4.16333634e-15-1.76941795e-16j -3.19189120e-15+6.93889390e-17j -1.91513472e-15-9.71445147e-17j -1.62370117e-15-8.32667268e-17j -1.05471187e-15+7.97972799e-16j -9.78384040e-16-2.11636264e-16j]
        labels=[('kl', 'wHEcNxPd')],
        shape=(8,),
    )
    hessian_by_M_M: [[ 1.76496588e+01 -9.32027882e-01 -2.42003325e+00  8.48670824e-01 -1.19982253e+00 -4.12497144e+00 -4.32184921e+00 -6.21276324e-01  0.00000000e+00 -2.33764037e+00 -4.40024439e+00 -7.77290425e-01  1.05789364e+00 -6.32974317e-01  2.97890229e+00  2.09315100e-01]
     [-9.32027882e-01  3.89182955e+00  1.61243008e+00 -1.04978730e+00  4.65460709e-01  4.52874541e-01  7.29886926e-01  8.51608293e-02  2.33764037e+00  0.00000000e+00 -3.90609440e-01 -8.43865843e-01 -3.51276844e-01 -5.41025738e-03 -2.56700257e-02 -5.90755942e-01]
     [-2.42003325e+00  1.61243008e+00  1.65937857e+01 -2.48759055e+00 -5.64586801e-01  4.29133788e+00  3.63068774e+00 -4.87750531e-01  4.40024439e+00  3.90609440e-01  0.00000000e+00 -3.58952538e+00  1.45179622e+00 -2.24183686e+00  5.50400273e-01 -1.24093085e+00]
     [ 8.48670824e-01 -1.04978730e+00 -2.48759055e+00  5.38214436e+00 -9.18950219e-01 -8.56321511e-01 -2.48660362e+00 -1.57779247e-01  7.77290425e-01  8.43865843e-01  3.58952538e+00  0.00000000e+00  1.19582321e+00 -1.60431602e-01  4.46864713e-01  2.73671377e-01]
     [-1.19982253e+00  4.65460709e-01 -5.64586801e-01 -9.18950219e-01  9.88509286e+00 -5.00233464e-02 -1.46671892e+00  9.88366594e-01 -1.05789364e+00  3.51276844e-01 -1.45179622e+00 -1.19582321e+00  0.00000000e+00 -1.79323877e+00  9.54623792e-01  1.10234486e+00]
     [-4.12497144e+00  4.52874541e-01  4.29133788e+00 -8.56321511e-01 -5.00233464e-02  5.52788041e+00  5.10171230e-01  3.86459906e-01  6.32974317e-01  5.41025738e-03  2.24183686e+00  1.60431602e-01  1.79323877e+00  0.00000000e+00 -6.73414105e-01 -1.95773257e-01]
     [-4.32184921e+00  7.29886926e-01  3.63068774e+00 -2.48660362e+00 -1.46671892e+00  5.10171230e-01  1.29510434e+01 -1.22889559e+00 -2.97890229e+00  2.56700257e-02 -5.50400273e-01 -4.46864713e-01 -9.54623792e-01  6.73414105e-01  0.00000000e+00 -3.29880584e+00]
     [-6.21276324e-01  8.51608293e-02 -4.87750531e-01 -1.57779247e-01  9.88366594e-01  3.86459906e-01 -1.22889559e+00  2.82160397e+00 -2.09315100e-01  5.90755942e-01  1.24093085e+00 -2.73671377e-01 -1.10234486e+00  1.95773257e-01  3.29880584e+00  0.00000000e+00]
     [ 0.00000000e+00  2.33764037e+00  4.40024439e+00  7.77290425e-01 -1.05789364e+00  6.32974317e-01 -2.97890229e+00 -2.09315100e-01  1.76496588e+01 -9.32027882e-01 -2.42003325e+00  8.48670824e-01 -1.19982253e+00 -4.12497144e+00 -4.32184921e+00 -6.21276324e-01]
     [-2.33764037e+00  0.00000000e+00  3.90609440e-01  8.43865843e-01  3.51276844e-01  5.41025738e-03  2.56700257e-02  5.90755942e-01 -9.32027882e-01  3.89182955e+00  1.61243008e+00 -1.04978730e+00  4.65460709e-01  4.52874541e-01  7.29886926e-01  8.51608293e-02]
     [-4.40024439e+00 -3.90609440e-01  0.00000000e+00  3.58952538e+00 -1.45179622e+00  2.24183686e+00 -5.50400273e-01  1.24093085e+00 -2.42003325e+00  1.61243008e+00  1.65937857e+01 -2.48759055e+00 -5.64586801e-01  4.29133788e+00  3.63068774e+00 -4.87750531e-01]
     [-7.77290425e-01 -8.43865843e-01 -3.58952538e+00  0.00000000e+00 -1.19582321e+00  1.60431602e-01 -4.46864713e-01 -2.73671377e-01  8.48670824e-01 -1.04978730e+00 -2.48759055e+00  5.38214436e+00 -9.18950219e-01 -8.56321511e-01 -2.48660362e+00 -1.57779247e-01]
     [ 1.05789364e+00 -3.51276844e-01  1.45179622e+00  1.19582321e+00  0.00000000e+00  1.79323877e+00 -9.54623792e-01 -1.10234486e+00 -1.19982253e+00  4.65460709e-01 -5.64586801e-01 -9.18950219e-01  9.88509286e+00 -5.00233464e-02 -1.46671892e+00  9.88366594e-01]
     [-6.32974317e-01 -5.41025738e-03 -2.24183686e+00 -1.60431602e-01 -1.79323877e+00  0.00000000e+00  6.73414105e-01  1.95773257e-01 -4.12497144e+00  4.52874541e-01  4.29133788e+00 -8.56321511e-01 -5.00233464e-02  5.52788041e+00  5.10171230e-01  3.86459906e-01]
     [ 2.97890229e+00 -2.56700257e-02  5.50400273e-01  4.46864713e-01  9.54623792e-01 -6.73414105e-01  0.00000000e+00  3.29880584e+00 -4.32184921e+00  7.29886926e-01  3.63068774e+00 -2.48660362e+00 -1.46671892e+00  5.10171230e-01  1.29510434e+01 -1.22889559e+00]
     [ 2.09315100e-01 -5.90755942e-01 -1.24093085e+00  2.73671377e-01  1.10234486e+00 -1.95773257e-01 -3.29880584e+00  0.00000000e+00 -6.21276324e-01  8.51608293e-02 -4.87750531e-01 -1.57779247e-01  9.88366594e-01  3.86459906e-01 -1.22889559e+00  2.82160397e+00]]
    eigvals of hessian_by_M_M: [26.74459058+0.j 26.74459058+0.j 18.13784306+0.j 18.13784306+0.j 12.98145897+0.j 12.98145897+0.j  6.68198026+0.j  6.68198026+0.j  4.89703745+0.j  4.89703745+0.j  2.49248808+0.j  2.49248808+0.j  1.12125611+0.j  1.12125611+0.j  1.64638453+0.j  1.64638453+0.j]
SSpiral(8):
    iter_times, elapsed_time, sqdiff: 300, 1.1297450065612793, 0.914253032143367
    MSN: Tensor(
        [[-0.17993721-0.16313539j  0.68888381+0.79902006j -0.23847006+0.22379755j  0.36150396+0.33457272j]
         [ 1.16898714-0.60912354j -0.42720849-0.50968305j -0.58216639-0.41946019j  0.44133649+0.26129145j]
         [-0.82674212+0.04318694j  1.14839482-0.42845088j  0.30797013+0.67175264j  0.43329803-0.62512757j]
         [ 1.0381304 -0.62384429j  0.24364918-0.65064815j -0.5695013 -0.19950506j  0.78891677+0.15702225j]]
        labels=['kl', 'kr'],
        shape=(4, 4),
    )
    grad_by_reM_reM: Tensor(
        [ 4.66293670e-15+3.88578059e-16j  4.27717757e-15+2.91433544e-16j  9.15933995e-15+6.52256027e-16j  5.46090950e-15+2.71484224e-16j -1.34336986e-14-2.44249065e-15j  1.14491749e-15-3.81639165e-17j -8.24340596e-15-2.77555756e-16j -4.64905892e-15+3.96384314e-16j]
        labels=[('kl', 'wHEcNxPd')],
        shape=(8,),
    )
    grad_by_imM_imM: Tensor(
        [ 6.60582700e-15+1.66533454e-16j -2.23432384e-15+1.50487262e-16j  2.37310172e-15-1.58206781e-15j -3.10775711e-15-1.11022302e-16j -1.02695630e-15+0.00000000e+00j  6.34908792e-16-2.08166817e-17j -1.27675648e-14-9.15933995e-16j  7.03256897e-15-2.35922393e-16j]
        labels=[('kl', 'wHEcNxPd')],
        shape=(8,),
    )
    hessian_by_M_M: [[ 5.00484926e+01  2.08392894e+00 -8.32521434e+00 -1.59829258e+00 -6.58418915e+00 -2.81546317e+00 -1.26554537e+01  1.43867918e-01  0.00000000e+00 -2.22675617e+00 -1.45209556e+01 -2.36550166e+00  1.28923598e+01  3.88364011e+00  1.13754796e+01  1.21557023e+00]
     [ 2.08392894e+00  1.77533062e+00  8.75378112e-01 -3.13528638e-01  1.62663844e-01 -6.63095963e-02 -5.17221333e-01 -3.12022374e-03  2.22675617e+00  0.00000000e+00 -1.58273438e-01 -4.98466385e-01  5.37488032e-02 -7.32153056e-02 -1.92348168e-01 -2.16879056e-01]
     [-8.32521434e+00  8.75378112e-01  4.12780531e+01  8.06593788e-01 -8.36249599e+00 -1.36435554e-02  4.66360637e+00 -1.63428857e+00  1.45209556e+01  1.58273438e-01  0.00000000e+00 -9.34348135e-01 -8.51098692e+00 -5.55911239e+00 -2.98180118e+00 -6.72297106e-01]
     [-1.59829258e+00 -3.13528638e-01  8.06593788e-01  2.20769673e+00 -2.28768041e+00 -1.36606054e-01 -1.98835747e+00 -2.28443526e-01  2.36550166e+00  4.98466385e-01  9.34348135e-01  0.00000000e+00 -4.21828355e-01 -1.09427624e-01 -1.34960736e+00  7.70901817e-02]
     [-6.58418915e+00  1.62663844e-01 -8.36249599e+00 -2.28768041e+00  3.29426839e+01  4.01016154e+00  1.46149078e+00  2.19135589e+00 -1.28923598e+01 -5.37488032e-02  8.51098692e+00  4.21828355e-01  0.00000000e+00 -1.18113884e+00  1.87160054e+00 -5.90619046e-02]
     [-2.81546317e+00 -6.63095963e-02 -1.36435554e-02 -1.36606054e-01  4.01016154e+00  2.52204179e+00  1.15724128e+00  2.49905324e-01 -3.88364011e+00  7.32153056e-02  5.55911239e+00  1.09427624e-01  1.18113884e+00  0.00000000e+00 -2.26712926e-01 -4.39581420e-02]
     [-1.26554537e+01 -5.17221333e-01  4.66360637e+00 -1.98835747e+00  1.46149078e+00  1.15724128e+00  2.85460116e+01 -5.01086695e-01 -1.13754796e+01  1.92348168e-01  2.98180118e+00  1.34960736e+00 -1.87160054e+00  2.26712926e-01  0.00000000e+00 -1.96230589e+00]
     [ 1.43867918e-01 -3.12022374e-03 -1.63428857e+00 -2.28443526e-01  2.19135589e+00  2.49905324e-01 -5.01086695e-01  1.22300093e+00 -1.21557023e+00  2.16879056e-01  6.72297106e-01 -7.70901817e-02  5.90619046e-02  4.39581420e-02  1.96230589e+00  0.00000000e+00]
     [ 0.00000000e+00  2.22675617e+00  1.45209556e+01  2.36550166e+00 -1.28923598e+01 -3.88364011e+00 -1.13754796e+01 -1.21557023e+00  5.00484926e+01  2.08392894e+00 -8.32521434e+00 -1.59829258e+00 -6.58418915e+00 -2.81546317e+00 -1.26554537e+01  1.43867918e-01]
     [-2.22675617e+00  0.00000000e+00  1.58273438e-01  4.98466385e-01 -5.37488032e-02  7.32153056e-02  1.92348168e-01  2.16879056e-01  2.08392894e+00  1.77533062e+00  8.75378112e-01 -3.13528638e-01  1.62663844e-01 -6.63095963e-02 -5.17221333e-01 -3.12022374e-03]
     [-1.45209556e+01 -1.58273438e-01  0.00000000e+00  9.34348135e-01  8.51098692e+00  5.55911239e+00  2.98180118e+00  6.72297106e-01 -8.32521434e+00  8.75378112e-01  4.12780531e+01  8.06593788e-01 -8.36249599e+00 -1.36435554e-02  4.66360637e+00 -1.63428857e+00]
     [-2.36550166e+00 -4.98466385e-01 -9.34348135e-01  0.00000000e+00  4.21828355e-01  1.09427624e-01  1.34960736e+00 -7.70901817e-02 -1.59829258e+00 -3.13528638e-01  8.06593788e-01  2.20769673e+00 -2.28768041e+00 -1.36606054e-01 -1.98835747e+00 -2.28443526e-01]
     [ 1.28923598e+01  5.37488032e-02 -8.51098692e+00 -4.21828355e-01  0.00000000e+00  1.18113884e+00 -1.87160054e+00  5.90619046e-02 -6.58418915e+00  1.62663844e-01 -8.36249599e+00 -2.28768041e+00  3.29426839e+01  4.01016154e+00  1.46149078e+00  2.19135589e+00]
     [ 3.88364011e+00 -7.32153056e-02 -5.55911239e+00 -1.09427624e-01 -1.18113884e+00  0.00000000e+00  2.26712926e-01  4.39581420e-02 -2.81546317e+00 -6.63095963e-02 -1.36435554e-02 -1.36606054e-01  4.01016154e+00  2.52204179e+00  1.15724128e+00  2.49905324e-01]
     [ 1.13754796e+01 -1.92348168e-01 -2.98180118e+00 -1.34960736e+00  1.87160054e+00 -2.26712926e-01  0.00000000e+00  1.96230589e+00 -1.26554537e+01 -5.17221333e-01  4.66360637e+00 -1.98835747e+00  1.46149078e+00  1.15724128e+00  2.85460116e+01 -5.01086695e-01]
     [ 1.21557023e+00 -2.16879056e-01 -6.72297106e-01  7.70901817e-02 -5.90619046e-02 -4.39581420e-02 -1.96230589e+00  0.00000000e+00  1.43867918e-01 -3.12022374e-03 -1.63428857e+00 -2.28443526e-01  2.19135589e+00  2.49905324e-01 -5.01086695e-01  1.22300093e+00]]
    eigvals of hessian_by_M_M: [77.62445946+0.j 77.62445946+0.j 37.23415624+0.j 37.23415624+0.j 24.53759747+0.j 24.53759747+0.j 15.98173515+0.j 15.98173515+0.j  1.98280324+0.j  1.98280324+0.j  0.77614541+0.j  0.77614541+0.j  1.29204892+0.j  1.29204892+0.j  1.11436533+0.j  1.11436533+0.j]
SSpiral(11):
    iter_times, elapsed_time, sqdiff: 300, 0.9690589904785156, 0.9142530321433653
    MSN: Tensor(
        [[-0.17993721-0.16313539j  0.68888381+0.79902006j -0.23847006+0.22379755j  0.36150396+0.33457272j]
         [ 1.16898714-0.60912354j -0.42720849-0.50968305j -0.58216639-0.41946019j  0.44133649+0.26129145j]
         [-0.82674212+0.04318694j  1.14839482-0.42845088j  0.30797013+0.67175264j  0.43329803-0.62512757j]
         [ 1.0381304 -0.62384429j  0.24364918-0.65064815j -0.5695013 -0.19950506j  0.78891677+0.15702225j]]
        labels=['kl', 'kr'],
        shape=(4, 4),
    )
    grad_by_reM_reM: Tensor(
        [ 2.82551760e-14+1.44328993e-15j  2.38697950e-14-1.77635684e-15j  2.57224797e-14-2.13717932e-15j  2.30267194e-14-2.47024623e-15j  4.27158309e-14-1.60982339e-15j -7.70425390e-14-1.16573418e-15j -1.14908083e-14-3.67761377e-16j -2.24958940e-14+9.43689571e-16j]
        labels=[('kl', 'wHEcNxPd')],
        shape=(8,),
    )
    grad_by_imM_imM: Tensor(
        [-6.08402217e-14-1.55431223e-15j  1.16184840e-13-7.77156117e-16j  2.58265631e-14-2.98372438e-16j -1.99562589e-14-1.70002901e-16j  4.71289674e-14-1.24900090e-15j -1.10467191e-14+1.07552856e-15j -2.18783325e-14-1.22124533e-15j  3.61377595e-14+9.15933995e-16j]
        labels=[('kl', 'wHEcNxPd')],
        shape=(8,),
    )
    hessian_by_M_M: [[ 6.39506349e+01 -3.44444128e+00 -1.83094890e+01  1.30866040e+01  3.25291160e+00 -1.41910206e+01 -1.36899963e+01 -8.85939874e+00  0.00000000e+00 -3.63371261e+00 -1.39417720e+01  3.59299716e+00  2.09100147e+01 -2.19728570e+01  1.18540155e+01  1.99321063e+00]
     [-3.44444128e+00  4.59047550e+01  4.21690892e+00 -7.67443135e+00 -3.43135573e-01 -8.15267344e-01  6.97489702e-02 -2.44114746e-01  3.63371261e+00  0.00000000e+00 -5.23974395e+00 -1.22611552e+01  5.74805065e-01 -4.54586274e+00  4.81373008e+00 -6.10111057e+00]
     [-1.83094890e+01  4.21690892e+00  6.36363747e+01 -1.18633111e+01 -2.31512406e+01  2.94504364e+01  1.10442423e+01  1.03896369e+01  1.39417720e+01  5.23974395e+00  0.00000000e+00 -1.72258538e+01 -1.17017302e+01  1.49673187e+01 -2.38903573e+00 -7.62694183e+00]
     [ 1.30866040e+01 -7.67443135e+00 -1.18633111e+01  5.83927310e+01  4.11714952e+00 -1.61715371e+00 -1.22971476e+00 -3.91259628e+00 -3.59299716e+00  1.22611552e+01  1.72258538e+01  0.00000000e+00  1.10738818e+01  8.92375690e-01  1.22754496e+01  3.26304281e+00]
     [ 3.25291160e+00 -3.43135573e-01 -2.31512406e+01  4.11714952e+00  4.52911347e+01 -2.11031266e+01  1.39492818e-01 -6.84796232e+00 -2.09100147e+01 -5.74805065e-01  1.17017302e+01 -1.10738818e+01  0.00000000e+00  2.88408094e-01  2.59812148e-02  1.08101509e+01]
     [-1.41910206e+01 -8.15267344e-01  2.94504364e+01 -1.61715371e+00 -2.11031266e+01  6.28331097e+01 -5.54180122e+00  4.61122177e+00  2.19728570e+01  4.54586274e+00 -1.49673187e+01 -8.92375690e-01 -2.88408094e-01  0.00000000e+00 -3.57387776e+00 -8.17030712e-01]
     [-1.36899963e+01  6.97489702e-02  1.10442423e+01 -1.22971476e+00  1.39492818e-01 -5.54180122e+00  3.78771980e+01  3.77931009e+00 -1.18540155e+01 -4.81373008e+00  2.38903573e+00 -1.22754496e+01 -2.59812148e-02  3.57387776e+00  0.00000000e+00 -1.20692883e+01]
     [-8.85939874e+00 -2.44114746e-01  1.03896369e+01 -3.91259628e+00 -6.84796232e+00  4.61122177e+00  3.77931009e+00  3.39837043e+01 -1.99321063e+00  6.10111057e+00  7.62694183e+00 -3.26304281e+00 -1.08101509e+01  8.17030712e-01  1.20692883e+01  0.00000000e+00]
     [ 0.00000000e+00  3.63371261e+00  1.39417720e+01 -3.59299716e+00 -2.09100147e+01  2.19728570e+01 -1.18540155e+01 -1.99321063e+00  6.39506349e+01 -3.44444128e+00 -1.83094890e+01  1.30866040e+01  3.25291160e+00 -1.41910206e+01 -1.36899963e+01 -8.85939874e+00]
     [-3.63371261e+00  0.00000000e+00  5.23974395e+00  1.22611552e+01 -5.74805065e-01  4.54586274e+00 -4.81373008e+00  6.10111057e+00 -3.44444128e+00  4.59047550e+01  4.21690892e+00 -7.67443135e+00 -3.43135573e-01 -8.15267344e-01  6.97489702e-02 -2.44114746e-01]
     [-1.39417720e+01 -5.23974395e+00  0.00000000e+00  1.72258538e+01  1.17017302e+01 -1.49673187e+01  2.38903573e+00  7.62694183e+00 -1.83094890e+01  4.21690892e+00  6.36363747e+01 -1.18633111e+01 -2.31512406e+01  2.94504364e+01  1.10442423e+01  1.03896369e+01]
     [ 3.59299716e+00 -1.22611552e+01 -1.72258538e+01  0.00000000e+00 -1.10738818e+01 -8.92375690e-01 -1.22754496e+01 -3.26304281e+00  1.30866040e+01 -7.67443135e+00 -1.18633111e+01  5.83927310e+01  4.11714952e+00 -1.61715371e+00 -1.22971476e+00 -3.91259628e+00]
     [ 2.09100147e+01  5.74805065e-01 -1.17017302e+01  1.10738818e+01  0.00000000e+00 -2.88408094e-01 -2.59812148e-02 -1.08101509e+01  3.25291160e+00 -3.43135573e-01 -2.31512406e+01  4.11714952e+00  4.52911347e+01 -2.11031266e+01  1.39492818e-01 -6.84796232e+00]
     [-2.19728570e+01 -4.54586274e+00  1.49673187e+01  8.92375690e-01  2.88408094e-01  0.00000000e+00  3.57387776e+00  8.17030712e-01 -1.41910206e+01 -8.15267344e-01  2.94504364e+01 -1.61715371e+00 -2.11031266e+01  6.28331097e+01 -5.54180122e+00  4.61122177e+00]
     [ 1.18540155e+01  4.81373008e+00 -2.38903573e+00  1.22754496e+01  2.59812148e-02 -3.57387776e+00  0.00000000e+00  1.20692883e+01 -1.36899963e+01  6.97489702e-02  1.10442423e+01 -1.22971476e+00  1.39492818e-01 -5.54180122e+00  3.78771980e+01  3.77931009e+00]
     [ 1.99321063e+00 -6.10111057e+00 -7.62694183e+00  3.26304281e+00  1.08101509e+01 -8.17030712e-01 -1.20692883e+01  0.00000000e+00 -8.85939874e+00 -2.44114746e-01  1.03896369e+01 -3.91259628e+00 -6.84796232e+00  4.61122177e+00  3.77931009e+00  3.39837043e+01]]
    eigvals of hessian_by_M_M: [145.82846443+0.j 145.82846443+0.j  79.01698316+0.j  79.01698316+0.j  53.20378995+0.j  53.20378995+0.j  46.42818023+0.j  46.42818023+0.j  37.86903489+0.j  37.86903489+0.j  11.67565803+0.j  11.67565803+0.j  19.63954391+0.j  19.63954391+0.j  18.20798769+0.j  18.20798769+0.j]
SSpiral(14):
    iter_times, elapsed_time, sqdiff: 300, 0.96468186378479, 0.9142530321433631
    MSN: Tensor(
        [[-0.17993721-0.16313539j  0.68888381+0.79902006j -0.23847006+0.22379755j  0.36150396+0.33457272j]
         [ 1.16898714-0.60912354j -0.42720849-0.50968305j -0.58216639-0.41946019j  0.44133649+0.26129145j]
         [-0.82674212+0.04318694j  1.14839482-0.42845088j  0.30797013+0.67175264j  0.43329803-0.62512757j]
         [ 1.0381304 -0.62384429j  0.24364918-0.65064815j -0.5695013 -0.19950506j  0.78891677+0.15702225j]]
        labels=['kl', 'kr'],
        shape=(4, 4),
    )
    grad_by_reM_reM: Tensor(
        [-2.10109707e-14+2.77555756e-16j  1.53765889e-14+5.82867088e-16j -3.94614896e-14-7.28583860e-16j  1.46757606e-14-1.48492330e-15j  1.56263891e-14-3.33066907e-16j  1.21846977e-14+9.99200722e-16j  6.35325126e-14+2.63677968e-16j  9.36750677e-15-1.66533454e-16j]
        labels=[('kl', 'wHEcNxPd')],
        shape=(8,),
    )
    grad_by_imM_imM: Tensor(
        [-5.24580379e-14-1.08246745e-15j -3.62765373e-14+9.43689571e-16j -7.23726634e-15-6.73072709e-16j -9.06080766e-14+1.31838984e-15j  2.33146835e-15-1.30451205e-15j -4.21884749e-15+7.35522754e-16j  1.36696210e-14+1.08246745e-15j  6.65023592e-14-6.52256027e-16j]
        labels=[('kl', 'wHEcNxPd')],
        shape=(8,),
    )
    hessian_by_M_M: [[ 6.39718566e+01 -3.45867093e+00 -1.83123672e+01  1.30984931e+01  3.23651353e+00 -1.41783613e+01 -1.36965372e+01 -8.85228552e+00  0.00000000e+00 -3.57488346e+00 -1.39553208e+01  3.58888308e+00  2.09354223e+01 -2.19709344e+01  1.18657415e+01  1.98481983e+00]
     [-3.45867093e+00  4.58469352e+01  4.20213875e+00 -7.66481966e+00 -3.41653794e-01 -8.18342757e-01  7.09354736e-02 -2.43435546e-01  3.57488346e+00  0.00000000e+00 -5.22323826e+00 -1.22481137e+01  5.72794947e-01 -4.53386060e+00  4.81521334e+00 -6.09207837e+00]
     [-1.83123672e+01  4.20213875e+00  6.36359518e+01 -1.18712208e+01 -2.31637615e+01  2.94380960e+01  1.10289016e+01  1.03852926e+01  1.39553208e+01  5.22323826e+00  0.00000000e+00 -1.71533717e+01 -1.17346942e+01  1.49662125e+01 -2.40151043e+00 -7.62078871e+00]
     [ 1.30984931e+01 -7.66481966e+00 -1.18712208e+01  5.83144504e+01  4.12069829e+00 -1.61841152e+00 -1.22280585e+00 -3.91416495e+00 -3.58888308e+00  1.22481137e+01  1.71533717e+01  0.00000000e+00  1.10766358e+01  8.81277057e-01  1.22711950e+01  3.25535273e+00]
     [ 3.23651353e+00 -3.41653794e-01 -2.31637615e+01  4.12069829e+00  4.53186175e+01 -2.11124738e+01  1.55058206e-01 -6.84946574e+00 -2.09354223e+01 -5.72794947e-01  1.17346942e+01 -1.10766358e+01  0.00000000e+00  3.49339284e-01  2.57840730e-02  1.08074587e+01]
     [-1.41783613e+01 -8.18342757e-01  2.94380960e+01 -1.61841152e+00 -2.11124738e+01  6.27609167e+01 -5.54253799e+00  4.61088577e+00  2.19709344e+01  4.53386060e+00 -1.49662125e+01 -8.81277057e-01 -3.49339284e-01  0.00000000e+00 -3.57436108e+00 -8.16598992e-01]
     [-1.36965372e+01  7.09354736e-02  1.10289016e+01 -1.22280585e+00  1.55058206e-01 -5.54253799e+00  3.78694470e+01  3.77098116e+00 -1.18657415e+01 -4.81521334e+00  2.40151043e+00 -1.22711950e+01 -2.57840730e-02  3.57436108e+00  0.00000000e+00 -1.20219386e+01]
     [-8.85228552e+00 -2.43435546e-01  1.03852926e+01 -3.91416495e+00 -6.84946574e+00  4.61088577e+00  3.77098116e+00  3.39343440e+01 -1.98481983e+00  6.09207837e+00  7.62078871e+00 -3.25535273e+00 -1.08074587e+01  8.16598992e-01  1.20219386e+01  0.00000000e+00]
     [ 0.00000000e+00  3.57488346e+00  1.39553208e+01 -3.58888308e+00 -2.09354223e+01  2.19709344e+01 -1.18657415e+01 -1.98481983e+00  6.39718566e+01 -3.45867093e+00 -1.83123672e+01  1.30984931e+01  3.23651353e+00 -1.41783613e+01 -1.36965372e+01 -8.85228552e+00]
     [-3.57488346e+00  0.00000000e+00  5.22323826e+00  1.22481137e+01 -5.72794947e-01  4.53386060e+00 -4.81521334e+00  6.09207837e+00 -3.45867093e+00  4.58469352e+01  4.20213875e+00 -7.66481966e+00 -3.41653794e-01 -8.18342757e-01  7.09354736e-02 -2.43435546e-01]
     [-1.39553208e+01 -5.22323826e+00  0.00000000e+00  1.71533717e+01  1.17346942e+01 -1.49662125e+01  2.40151043e+00  7.62078871e+00 -1.83123672e+01  4.20213875e+00  6.36359518e+01 -1.18712208e+01 -2.31637615e+01  2.94380960e+01  1.10289016e+01  1.03852926e+01]
     [ 3.58888308e+00 -1.22481137e+01 -1.71533717e+01  0.00000000e+00 -1.10766358e+01 -8.81277057e-01 -1.22711950e+01 -3.25535273e+00  1.30984931e+01 -7.66481966e+00 -1.18712208e+01  5.83144504e+01  4.12069829e+00 -1.61841152e+00 -1.22280585e+00 -3.91416495e+00]
     [ 2.09354223e+01  5.72794947e-01 -1.17346942e+01  1.10766358e+01  0.00000000e+00 -3.49339284e-01 -2.57840730e-02 -1.08074587e+01  3.23651353e+00 -3.41653794e-01 -2.31637615e+01  4.12069829e+00  4.53186175e+01 -2.11124738e+01  1.55058206e-01 -6.84946574e+00]
     [-2.19709344e+01 -4.53386060e+00  1.49662125e+01  8.81277057e-01  3.49339284e-01  0.00000000e+00  3.57436108e+00  8.16598992e-01 -1.41783613e+01 -8.18342757e-01  2.94380960e+01 -1.61841152e+00 -2.11124738e+01  6.27609167e+01 -5.54253799e+00  4.61088577e+00]
     [ 1.18657415e+01  4.81521334e+00 -2.40151043e+00  1.22711950e+01  2.57840730e-02 -3.57436108e+00  0.00000000e+00  1.20219386e+01 -1.36965372e+01  7.09354736e-02  1.10289016e+01 -1.22280585e+00  1.55058206e-01 -5.54253799e+00  3.78694470e+01  3.77098116e+00]
     [ 1.98481983e+00 -6.09207837e+00 -7.62078871e+00  3.25535273e+00  1.08074587e+01 -8.16598992e-01 -1.20219386e+01  0.00000000e+00 -8.85228552e+00 -2.43435546e-01  1.03852926e+01 -3.91416495e+00 -6.84946574e+00  4.61088577e+00  3.77098116e+00  3.39343440e+01]]
    eigvals of hessian_by_M_M: [145.8241458 +0.j 145.8241458 +0.j  78.92960656+0.j  78.92960656+0.j  53.14956452+0.j  53.14956452+0.j  37.85739762+0.j  46.35881274+0.j  46.35881274+0.j  37.85739762+0.j  11.67969399+0.j  11.67969399+0.j  19.6400518 +0.j  19.6400518 +0.j  18.21324623+0.j  18.21324623+0.j]
SSpiral(17):
    iter_times, elapsed_time, sqdiff: 300, 0.9763541221618652, 0.914253032143364
    MSN: Tensor(
        [[-0.17993721-0.16313539j  0.68888381+0.79902006j -0.23847006+0.22379755j  0.36150396+0.33457272j]
         [ 1.16898714-0.60912354j -0.42720849-0.50968305j -0.58216639-0.41946019j  0.44133649+0.26129145j]
         [-0.82674212+0.04318694j  1.14839482-0.42845088j  0.30797013+0.67175264j  0.43329803-0.62512757j]
         [ 1.0381304 -0.62384429j  0.24364918-0.65064815j -0.5695013 -0.19950506j  0.78891677+0.15702225j]]
        labels=['kl', 'kr'],
        shape=(4, 4),
    )
    grad_by_reM_reM: Tensor(
        [ 1.41553436e-15-2.77555756e-16j  7.04991621e-15+4.16333634e-16j  1.42941214e-15-7.00828284e-16j  8.25034485e-15-1.62370117e-15j  1.06581410e-14+6.93889390e-16j -2.95596880e-15+5.55111512e-16j -1.64868119e-14-1.31145095e-15j -1.21291865e-14+2.49800181e-16j]
        labels=[('kl', 'wHEcNxPd')],
        shape=(8,),
    )
    grad_by_imM_imM: Tensor(
        [-1.50435220e-14+8.04911693e-16j -1.38777878e-15+6.10622664e-16j -1.63966063e-14-7.91033905e-16j -7.75768338e-15+1.01307851e-15j -5.82867088e-16+2.22044605e-16j -2.66453526e-15+2.35922393e-16j  5.39152056e-15+4.44089210e-16j  1.64035452e-14-9.29811783e-16j]
        labels=[('kl', 'wHEcNxPd')],
        shape=(8,),
    )
    hessian_by_M_M: [[ 6.40026072e+01 -3.50601932e+00 -1.83209792e+01  1.31216606e+01  3.22121467e+00 -1.41673563e+01 -1.37030526e+01 -8.84111584e+00  0.00000000e+00 -3.50707637e+00 -1.39715681e+01  3.59132500e+00  2.09710270e+01 -2.19769392e+01  1.18785202e+01  1.97319067e+00]
     [-3.50601932e+00  4.57921580e+01  4.19319670e+00 -7.66067013e+00 -3.40570123e-01 -8.17771363e-01  7.66747321e-02 -2.40008947e-01  3.50707637e+00  0.00000000e+00 -5.19755575e+00 -1.22352757e+01  5.65020265e-01 -4.51419567e+00  4.81542683e+00 -6.08498490e+00]
     [-1.83209792e+01  4.19319670e+00  6.36456691e+01 -1.19155193e+01 -2.31875069e+01  2.94361085e+01  1.10099762e+01  1.03790784e+01  1.39715681e+01  5.19755575e+00  0.00000000e+00 -1.70716115e+01 -1.17793795e+01  1.49695709e+01 -2.41707734e+00 -7.61488623e+00]
     [ 1.31216606e+01 -7.66067013e+00 -1.19155193e+01  5.82437039e+01  4.13254569e+00 -1.63060682e+00 -1.21789129e+00 -3.91984707e+00 -3.59132500e+00  1.22352757e+01  1.70716115e+01  0.00000000e+00  1.10851765e+01  8.60322031e-01  1.22678822e+01  3.24562061e+00]
     [ 3.22121467e+00 -3.40570123e-01 -2.31875069e+01  4.13254569e+00  4.53632967e+01 -2.11546349e+01  1.75797821e-01 -6.85301319e+00 -2.09710270e+01 -5.65020265e-01  1.17793795e+01 -1.10851765e+01  0.00000000e+00  4.20285090e-01  2.39069407e-02  1.08062090e+01]
     [-1.41673563e+01 -8.17771363e-01  2.94361085e+01 -1.63060682e+00 -2.11546349e+01  6.27042180e+01 -5.54518618e+00  4.61547449e+00  2.19769392e+01  4.51419567e+00 -1.49695709e+01 -8.60322031e-01 -4.20285090e-01  0.00000000e+00 -3.57536553e+00 -8.18510327e-01]
     [-1.37030526e+01  7.66747321e-02  1.10099762e+01 -1.21789129e+00  1.75797821e-01 -5.54518618e+00  3.78616635e+01  3.74210568e+00 -1.18785202e+01 -4.81542683e+00  2.41707734e+00 -1.22678822e+01 -2.39069407e-02  3.57536553e+00  0.00000000e+00 -1.19689447e+01]
     [-8.84111584e+00 -2.40008947e-01  1.03790784e+01 -3.91984707e+00 -6.85301319e+00  4.61547449e+00  3.74210568e+00  3.38821086e+01 -1.97319067e+00  6.08498490e+00  7.61488623e+00 -3.24562061e+00 -1.08062090e+01  8.18510327e-01  1.19689447e+01  0.00000000e+00]
     [ 0.00000000e+00  3.50707637e+00  1.39715681e+01 -3.59132500e+00 -2.09710270e+01  2.19769392e+01 -1.18785202e+01 -1.97319067e+00  6.40026072e+01 -3.50601932e+00 -1.83209792e+01  1.31216606e+01  3.22121467e+00 -1.41673563e+01 -1.37030526e+01 -8.84111584e+00]
     [-3.50707637e+00  0.00000000e+00  5.19755575e+00  1.22352757e+01 -5.65020265e-01  4.51419567e+00 -4.81542683e+00  6.08498490e+00 -3.50601932e+00  4.57921580e+01  4.19319670e+00 -7.66067013e+00 -3.40570123e-01 -8.17771363e-01  7.66747321e-02 -2.40008947e-01]
     [-1.39715681e+01 -5.19755575e+00  0.00000000e+00  1.70716115e+01  1.17793795e+01 -1.49695709e+01  2.41707734e+00  7.61488623e+00 -1.83209792e+01  4.19319670e+00  6.36456691e+01 -1.19155193e+01 -2.31875069e+01  2.94361085e+01  1.10099762e+01  1.03790784e+01]
     [ 3.59132500e+00 -1.22352757e+01 -1.70716115e+01  0.00000000e+00 -1.10851765e+01 -8.60322031e-01 -1.22678822e+01 -3.24562061e+00  1.31216606e+01 -7.66067013e+00 -1.19155193e+01  5.82437039e+01  4.13254569e+00 -1.63060682e+00 -1.21789129e+00 -3.91984707e+00]
     [ 2.09710270e+01  5.65020265e-01 -1.17793795e+01  1.10851765e+01  0.00000000e+00 -4.20285090e-01 -2.39069407e-02 -1.08062090e+01  3.22121467e+00 -3.40570123e-01 -2.31875069e+01  4.13254569e+00  4.53632967e+01 -2.11546349e+01  1.75797821e-01 -6.85301319e+00]
     [-2.19769392e+01 -4.51419567e+00  1.49695709e+01  8.60322031e-01  4.20285090e-01  0.00000000e+00  3.57536553e+00  8.18510327e-01 -1.41673563e+01 -8.17771363e-01  2.94361085e+01 -1.63060682e+00 -2.11546349e+01  6.27042180e+01 -5.54518618e+00  4.61547449e+00]
     [ 1.18785202e+01  4.81542683e+00 -2.41707734e+00  1.22678822e+01  2.39069407e-02 -3.57536553e+00  0.00000000e+00  1.19689447e+01 -1.37030526e+01  7.66747321e-02  1.10099762e+01 -1.21789129e+00  1.75797821e-01 -5.54518618e+00  3.78616635e+01  3.74210568e+00]
     [ 1.97319067e+00 -6.08498490e+00 -7.61488623e+00  3.24562061e+00  1.08062090e+01 -8.18510327e-01 -1.19689447e+01  0.00000000e+00 -8.84111584e+00 -2.40008947e-01  1.03790784e+01 -3.91984707e+00 -6.85301319e+00  4.61547449e+00  3.74210568e+00  3.38821086e+01]]
    eigvals of hessian_by_M_M: [145.88123988+0.j 145.88123988+0.j  78.83891254+0.j  78.83891254+0.j  53.08804584+0.j  53.08804584+0.j  37.85132533+0.j  46.28854782+0.j  46.28854782+0.j  37.85132533+0.j  11.68402547+0.j  11.68402547+0.j  19.64123204+0.j  19.64123204+0.j  18.22209596+0.j  18.22209596+0.j]
SSpiral(20):
    iter_times, elapsed_time, sqdiff: 300, 0.9881742000579834, 0.9142530321433643
    MSN: Tensor(
        [[-0.17993721-0.16313539j  0.68888381+0.79902006j -0.23847006+0.22379755j  0.36150396+0.33457272j]
         [ 1.16898714-0.60912354j -0.42720849-0.50968305j -0.58216639-0.41946019j  0.44133649+0.26129145j]
         [-0.82674212+0.04318694j  1.14839482-0.42845088j  0.30797013+0.67175264j  0.43329803-0.62512757j]
         [ 1.0381304 -0.62384429j  0.24364918-0.65064815j -0.5695013 -0.19950506j  0.78891677+0.15702225j]]
        labels=['kl', 'kr'],
        shape=(4, 4),
    )
    grad_by_reM_reM: Tensor(
        [-9.99200722e-15+3.33066907e-16j  2.22599716e-14-7.49400542e-16j  3.47777362e-14-2.77555756e-17j -2.01887118e-14+1.30451205e-15j  1.77635684e-15-8.60422844e-16j  1.34267597e-14+8.32667268e-16j -1.99285033e-14+6.24500451e-17j  1.71945791e-14+4.71844785e-16j]
        labels=[('kl', 'wHEcNxPd')],
        shape=(8,),
    )
    grad_by_imM_imM: Tensor(
        [ 2.34257058e-14-1.72084569e-15j -2.96429548e-14-6.10622664e-16j  4.88498131e-15-2.49800181e-16j -2.13440376e-14+2.37657116e-15j  6.85562718e-15-3.88578059e-16j  2.03725925e-14-3.81639165e-16j -2.01921813e-15+4.99600361e-16j  3.05588888e-14+1.11022302e-16j]
        labels=[('kl', 'wHEcNxPd')],
        shape=(8,),
    )
    hessian_by_M_M: [[ 6.39714187e+01 -3.53842319e+00 -1.83115739e+01  1.31399447e+01  3.19295727e+00 -1.41531665e+01 -1.36963172e+01 -8.82467273e+00  0.00000000e+00 -3.42694637e+00 -1.39798192e+01  3.58332482e+00  2.10007277e+01 -2.19595388e+01  1.18838717e+01  1.97592595e+00]
     [-3.53842319e+00  4.57489448e+01  4.17642923e+00 -7.65378931e+00 -3.46770305e-01 -8.17150236e-01  6.70469060e-02 -2.39554859e-01  3.42694637e+00  0.00000000e+00 -5.17138210e+00 -1.22239255e+01  5.68272856e-01 -4.50876142e+00  4.81687117e+00 -6.07921446e+00]
     [-1.83115739e+01  4.17642923e+00  6.35816996e+01 -1.19525848e+01 -2.31956797e+01  2.94191383e+01  1.09665106e+01  1.03683780e+01  1.39798192e+01  5.17138210e+00  0.00000000e+00 -1.69609775e+01 -1.18348158e+01  1.49526879e+01 -2.43851966e+00 -7.61933208e+00]
     [ 1.31399447e+01 -7.65378931e+00 -1.19525848e+01  5.81885243e+01  4.13156281e+00 -1.63014477e+00 -1.21085133e+00 -3.91705829e+00 -3.58332482e+00  1.22239255e+01  1.69609775e+01  0.00000000e+00  1.10814692e+01  8.57834631e-01  1.22635347e+01  3.24204631e+00]
     [ 3.19295727e+00 -3.46770305e-01 -2.31956797e+01  4.13156281e+00  4.53770296e+01 -2.11860284e+01  2.08147469e-01 -6.84910783e+00 -2.10007277e+01 -5.68272856e-01  1.18348158e+01 -1.10814692e+01  0.00000000e+00  5.27155669e-01  2.09866954e-02  1.08079931e+01]
     [-1.41531665e+01 -8.17150236e-01  2.94191383e+01 -1.63014477e+00 -2.11860284e+01  6.26465167e+01 -5.54567602e+00  4.61198093e+00  2.19595388e+01  4.50876142e+00 -1.49526879e+01 -8.57834631e-01 -5.27155669e-01  0.00000000e+00 -3.58066540e+00 -8.17955469e-01]
     [-1.36963172e+01  6.70469060e-02  1.09665106e+01 -1.21085133e+00  2.08147469e-01 -5.54567602e+00  3.78024522e+01  3.71318106e+00 -1.18838717e+01 -4.81687117e+00  2.43851966e+00 -1.22635347e+01 -2.09866954e-02  3.58066540e+00  0.00000000e+00 -1.19044271e+01]
     [-8.82467273e+00 -2.39554859e-01  1.03683780e+01 -3.91705829e+00 -6.84910783e+00  4.61198093e+00  3.71318106e+00  3.38491296e+01 -1.97592595e+00  6.07921446e+00  7.61933208e+00 -3.24204631e+00 -1.08079931e+01  8.17955469e-01  1.19044271e+01  0.00000000e+00]
     [ 0.00000000e+00  3.42694637e+00  1.39798192e+01 -3.58332482e+00 -2.10007277e+01  2.19595388e+01 -1.18838717e+01 -1.97592595e+00  6.39714187e+01 -3.53842319e+00 -1.83115739e+01  1.31399447e+01  3.19295727e+00 -1.41531665e+01 -1.36963172e+01 -8.82467273e+00]
     [-3.42694637e+00  0.00000000e+00  5.17138210e+00  1.22239255e+01 -5.68272856e-01  4.50876142e+00 -4.81687117e+00  6.07921446e+00 -3.53842319e+00  4.57489448e+01  4.17642923e+00 -7.65378931e+00 -3.46770305e-01 -8.17150236e-01  6.70469060e-02 -2.39554859e-01]
     [-1.39798192e+01 -5.17138210e+00  0.00000000e+00  1.69609775e+01  1.18348158e+01 -1.49526879e+01  2.43851966e+00  7.61933208e+00 -1.83115739e+01  4.17642923e+00  6.35816996e+01 -1.19525848e+01 -2.31956797e+01  2.94191383e+01  1.09665106e+01  1.03683780e+01]
     [ 3.58332482e+00 -1.22239255e+01 -1.69609775e+01  0.00000000e+00 -1.10814692e+01 -8.57834631e-01 -1.22635347e+01 -3.24204631e+00  1.31399447e+01 -7.65378931e+00 -1.19525848e+01  5.81885243e+01  4.13156281e+00 -1.63014477e+00 -1.21085133e+00 -3.91705829e+00]
     [ 2.10007277e+01  5.68272856e-01 -1.18348158e+01  1.10814692e+01  0.00000000e+00 -5.27155669e-01 -2.09866954e-02 -1.08079931e+01  3.19295727e+00 -3.46770305e-01 -2.31956797e+01  4.13156281e+00  4.53770296e+01 -2.11860284e+01  2.08147469e-01 -6.84910783e+00]
     [-2.19595388e+01 -4.50876142e+00  1.49526879e+01  8.57834631e-01  5.27155669e-01  0.00000000e+00  3.58066540e+00  8.17955469e-01 -1.41531665e+01 -8.17150236e-01  2.94191383e+01 -1.63014477e+00 -2.11860284e+01  6.26465167e+01 -5.54567602e+00  4.61198093e+00]
     [ 1.18838717e+01  4.81687117e+00 -2.43851966e+00  1.22635347e+01  2.09866954e-02 -3.58066540e+00  0.00000000e+00  1.19044271e+01 -1.36963172e+01  6.70469060e-02  1.09665106e+01 -1.21085133e+00  2.08147469e-01 -5.54567602e+00  3.78024522e+01  3.71318106e+00]
     [ 1.97592595e+00 -6.07921446e+00 -7.61933208e+00  3.24204631e+00  1.08079931e+01 -8.17955469e-01 -1.19044271e+01  0.00000000e+00 -8.82467273e+00 -2.39554859e-01  1.03683780e+01 -3.91705829e+00 -6.84910783e+00  4.61198093e+00  3.71318106e+00  3.38491296e+01]]
