b=4, chi=2, seed=959, 
NOR:
    iter_times, elapsed_time, sqdiff: 300, 0.6245608329772949, 3.2726340816127557
    MSN: Tensor(
        [[-0.92690007-0.48541733j  0.94911966-0.13826781j  0.12435728+0.25753652j  1.07300744-0.28648177j]
         [-0.37171759+0.39757375j  0.48651862-0.50667991j  0.15752311+0.35813532j  1.22799997-1.1285316j ]
         [-0.90724333-0.23877924j  0.53250632-0.59839342j  0.42061185-0.04445114j -0.25497535-0.97545397j]
         [ 1.31699001+1.28157656j -0.65566759+0.27139043j -0.54504971+0.42185231j  1.62433994+0.2119406j ]]
        labels=['kl', 'kr'],
        shape=(4, 4),
    )
    grad_by_reM_reM: Tensor(
        [-2.19269047e-15+1.11022302e-15j -1.55431223e-15+8.88178420e-16j  8.32667268e-16-2.77555756e-15j  9.49240686e-15-1.20736754e-15j  1.17683641e-14-2.52575738e-15j -6.66133815e-16-3.02535774e-15j -4.96130914e-15-1.44328993e-15j -1.23442923e-14-2.77555756e-16j]
        labels=[('kl', 'XJaBajjF')],
        shape=(8,),
    )
    grad_by_imM_imM: Tensor(
        [-1.55431223e-15+2.52575738e-15j  1.39888101e-14-7.77156117e-16j -2.04281037e-14-2.77555756e-16j -1.16850973e-14+1.05471187e-15j  1.21569421e-14-2.66453526e-15j -1.39610545e-14+2.99760217e-15j -1.14352972e-14+1.38083989e-15j  2.49800181e-16-1.40859546e-15j]
        labels=[('kl', 'XJaBajjF')],
        shape=(8,),
    )
    hessian_by_M_M: [[ 43.9199553  -23.51721286  -7.86053606   2.07604098  -4.00271494   4.40895707   2.55790482  -5.71814475   0.          -9.73072365  -5.61739235  -2.50938355   5.34788179   1.01093668 -10.98255931   7.56184275]
     [-23.51721286  51.20751494  -7.45238339 -10.55615478  -8.24235574  -3.37464738  12.38500029  12.82556662   9.73072365   0.           2.49682778  -5.26185769 -14.41253527   2.542889    15.85703991  -6.30200596]
     [ -7.86053606  -7.45238339  39.84789105   3.48248062   7.9337258    2.28639864  -0.20727889  -4.07488786   5.61739235  -2.49682778   0.           1.02681082  17.6357213   -5.22359254  -7.99887686   8.05161539]
     [  2.07604098 -10.55615478   3.48248062  30.96734245  -1.8963861    5.88112737  -7.57441309  -3.2670262    2.50938355   5.26185769  -1.02681082   0.          -2.2479192   -5.57398071   4.37700432  -3.5394318 ]
     [ -4.00271494  -8.24235574   7.9337258   -1.8963861   48.02762414 -13.89995188  -9.67424226   9.17360415  -5.34788179  14.41253527 -17.6357213    2.2479192    0.           6.59838421  18.83796377  21.50950878]
     [  4.40895707  -3.37464738   2.28639864   5.88112737 -13.89995188  34.4407526    9.06165316   9.26919791  -1.01093668  -2.542889     5.22359254   5.57398071  -6.59838421   0.          -6.45689251 -12.29536932]
     [  2.55790482  12.38500029  -0.20727889  -7.57441309  -9.67424226   9.06165316  48.69206991   8.97996552  10.98255931 -15.85703991   7.99887686  -4.37700432 -18.83796377   6.45689251   0.           3.47825255]
     [ -5.71814475  12.82556662  -4.07488786  -3.2670262    9.17360415   9.26919791   8.97996552  57.70625464  -7.56184275   6.30200596  -8.05161539   3.5394318  -21.50950878  12.29536932  -3.47825255   0.        ]
     [  0.           9.73072365   5.61739235   2.50938355  -5.34788179  -1.01093668  10.98255931  -7.56184275  43.9199553  -23.51721286  -7.86053606   2.07604098  -4.00271494   4.40895707   2.55790482  -5.71814475]
     [ -9.73072365   0.          -2.49682778   5.26185769  14.41253527  -2.542889   -15.85703991   6.30200596 -23.51721286  51.20751494  -7.45238339 -10.55615478  -8.24235574  -3.37464738  12.38500029  12.82556662]
     [ -5.61739235   2.49682778   0.          -1.02681082 -17.6357213    5.22359254   7.99887686  -8.05161539  -7.86053606  -7.45238339  39.84789105   3.48248062   7.9337258    2.28639864  -0.20727889  -4.07488786]
     [ -2.50938355  -5.26185769   1.02681082   0.           2.2479192    5.57398071  -4.37700432   3.5394318    2.07604098 -10.55615478   3.48248062  30.96734245  -1.8963861    5.88112737  -7.57441309  -3.2670262 ]
     [  5.34788179 -14.41253527  17.6357213   -2.2479192    0.          -6.59838421 -18.83796377 -21.50950878  -4.00271494  -8.24235574   7.9337258   -1.8963861   48.02762414 -13.89995188  -9.67424226   9.17360415]
     [  1.01093668   2.542889    -5.22359254  -5.57398071   6.59838421   0.           6.45689251  12.29536932   4.40895707  -3.37464738   2.28639864   5.88112737 -13.89995188  34.4407526    9.06165316   9.26919791]
     [-10.98255931  15.85703991  -7.99887686   4.37700432  18.83796377  -6.45689251   0.          -3.47825255   2.55790482  12.38500029  -0.20727889  -7.57441309  -9.67424226   9.06165316  48.69206991   8.97996552]
     [  7.56184275  -6.30200596   8.05161539  -3.5394318   21.50950878 -12.29536932   3.47825255   0.          -5.71814475  12.82556662  -4.07488786  -3.2670262    9.17360415   9.26919791   8.97996552  57.70625464]]
    eigvals of hessian_by_M_M: [  6.19990555   6.19990555  10.40154154  10.40154154  20.7291315   20.7291315   26.40789935  26.40789935  43.95259345  43.95259345  56.53021163  56.53021163  74.64474486  74.64474486 115.94337715 115.94337715]
WCOR:
    iter_times, elapsed_time, sqdiff: 300, 0.7203679084777832, 3.2726340816127593
    MSN: Tensor(
        [[-0.92690007-0.48541733j  0.94911966-0.13826781j  0.12435728+0.25753652j  1.07300744-0.28648177j]
         [-0.37171759+0.39757375j  0.48651862-0.50667991j  0.15752311+0.35813532j  1.22799997-1.1285316j ]
         [-0.90724333-0.23877924j  0.53250632-0.59839342j  0.42061185-0.04445114j -0.25497535-0.97545397j]
         [ 1.31699001+1.28157656j -0.65566759+0.27139043j -0.54504971+0.42185231j  1.62433994+0.2119406j ]]
        labels=['kl', 'kr'],
        shape=(4, 4),
    )
    grad_by_reM_reM: Tensor(
        [-2.25652830e-14+2.44249065e-15j  4.99600361e-15+0.00000000e+00j -4.16333634e-15-5.82867088e-16j -2.65898414e-14-1.13797860e-15j  9.76996262e-15-5.41233725e-16j -2.88657986e-15-2.91433544e-16j  2.13717932e-14-3.05311332e-15j  1.87419524e-14-1.17961196e-16j]
        labels=[('kl', 'XJaBajjF')],
        shape=(8,),
    )
    grad_by_imM_imM: Tensor(
        [-2.55351296e-14-6.38378239e-16j  9.43689571e-15+1.44328993e-15j  1.90125693e-14+4.99600361e-16j -8.24340596e-15+2.44249065e-15j  2.55351296e-15+1.11022302e-16j  1.13381526e-14+1.22124533e-15j  9.21485110e-15-4.02455846e-16j  2.32106001e-14-1.92207361e-15j]
        labels=[('kl', 'XJaBajjF')],
        shape=(8,),
    )
    hessian_by_M_M: [[ 34.22624535  -9.28856876  -7.99304695   0.27893106  -2.30961678   2.51480087   2.12032582  -2.74669924   0.          -2.88062748  -5.99501077  -4.14767264   2.51992669   1.06599283  -6.27945977   5.44297358]
     [ -9.28856876  29.78670845  -8.03425636  -8.01098427  -6.82493283  -2.69503452  10.15831015   9.4698185    2.88062748   0.           1.80575903  -3.77161623  -9.93413814   0.10967574   9.31665357  -1.52145235]
     [ -7.99304695  -8.03425636  36.32977092  10.14985097   6.81689773   3.55948154  -0.70694517  -3.15264894   5.99501077  -1.80575903   0.           4.01274892  14.47551941  -1.4044131   -6.56306071   4.51358113]
     [  0.27893106  -8.01098427  10.14985097  22.68837424  -0.37928122   4.17417737  -6.37571746  -3.58721488   4.14767264   3.77161623  -4.01274892   0.          -0.35282969  -4.33257506   2.52022551  -1.10380091]
     [ -2.30961678  -6.82493283   6.81689773  -0.37928122  42.21388034  -2.02992014  -4.23989743   7.35503045  -2.51992669   9.93413814 -14.47551941   0.35282969   0.           8.31668362  17.44458181  19.25240884]
     [  2.51480087  -2.69503452   3.55948154   4.17417737  -2.02992014  21.12961794   5.79556766   8.51652498  -1.06599283  -0.10967574   1.4044131    4.33257506  -8.31668362   0.          -3.84805005  -6.10927785]
     [  2.12032582  10.15831015  -0.70694517  -6.37571746  -4.23989743   5.79556766  45.86232811  17.37350938   6.27945977  -9.31665357   6.56306071  -2.52022551 -17.44458181   3.84805005   0.           8.44407938]
     [ -2.74669924   9.4698185   -3.15264894  -3.58721488   7.35503045   8.51652498  17.37350938  42.35618447  -5.44297358   1.52145235  -4.51358113   1.10380091 -19.25240884   6.10927785  -8.44407938   0.        ]
     [  0.           2.88062748   5.99501077   4.14767264  -2.51992669  -1.06599283   6.27945977  -5.44297358  34.22624535  -9.28856876  -7.99304695   0.27893106  -2.30961678   2.51480087   2.12032582  -2.74669924]
     [ -2.88062748   0.          -1.80575903   3.77161623   9.93413814  -0.10967574  -9.31665357   1.52145235  -9.28856876  29.78670845  -8.03425636  -8.01098427  -6.82493283  -2.69503452  10.15831015   9.4698185 ]
     [ -5.99501077   1.80575903   0.          -4.01274892 -14.47551941   1.4044131    6.56306071  -4.51358113  -7.99304695  -8.03425636  36.32977092  10.14985097   6.81689773   3.55948154  -0.70694517  -3.15264894]
     [ -4.14767264  -3.77161623   4.01274892   0.           0.35282969   4.33257506  -2.52022551   1.10380091   0.27893106  -8.01098427  10.14985097  22.68837424  -0.37928122   4.17417737  -6.37571746  -3.58721488]
     [  2.51992669  -9.93413814  14.47551941  -0.35282969   0.          -8.31668362 -17.44458181 -19.25240884  -2.30961678  -6.82493283   6.81689773  -0.37928122  42.21388034  -2.02992014  -4.23989743   7.35503045]
     [  1.06599283   0.10967574  -1.4044131   -4.33257506   8.31668362   0.           3.84805005   6.10927785   2.51480087  -2.69503452   3.55948154   4.17417737  -2.02992014  21.12961794   5.79556766   8.51652498]
     [ -6.27945977   9.31665357  -6.56306071   2.52022551  17.44458181  -3.84805005   0.          -8.44407938   2.12032582  10.15831015  -0.70694517  -6.37571746  -4.23989743   5.79556766  45.86232811  17.37350938]
     [  5.44297358  -1.52145235   4.51358113  -1.10380091  19.25240884  -6.10927785   8.44407938   0.          -2.74669924   9.4698185   -3.15264894  -3.58721488   7.35503045   8.51652498  17.37350938  42.35618447]]
    eigvals of hessian_by_M_M: [ 4.61928036  4.61928036  9.27132222  9.27132222 13.42625793 13.42625793 17.80037897 17.80037897 33.19637923 33.19637923 47.68129776 47.68129776 56.83864872 56.83864872 91.75954461 91.75954461]
WROR:
    iter_times, elapsed_time, sqdiff: 300, 0.6596877574920654, 3.2726340816127633
    MSN: Tensor(
        [[-0.92690007-0.48541733j  0.94911966-0.13826781j  0.12435728+0.25753652j  1.07300744-0.28648177j]
         [-0.37171759+0.39757375j  0.48651862-0.50667991j  0.15752311+0.35813532j  1.22799997-1.1285316j ]
         [-0.90724333-0.23877924j  0.53250632-0.59839342j  0.42061185-0.04445114j -0.25497535-0.97545397j]
         [ 1.31699001+1.28157656j -0.65566759+0.27139043j -0.54504971+0.42185231j  1.62433994+0.2119406j ]]
        labels=['kl', 'kr'],
        shape=(4, 4),
    )
    grad_by_reM_reM: Tensor(
        [ 9.02888875e-14+1.33226763e-15j  9.58677582e-14+6.34908792e-16j -1.70419234e-13-1.94289029e-16j -1.18832028e-13+6.93889390e-17j  1.30034872e-13+4.20496971e-15j  4.49640325e-14+2.77555756e-15j  1.60899072e-13-1.13797860e-15j  9.15517662e-14+4.51028104e-16j]
        labels=[('kl', 'XJaBajjF')],
        shape=(8,),
    )
    grad_by_imM_imM: Tensor(
        [ 2.22044605e-16+3.73312492e-15j -7.09710068e-14+1.94289029e-15j  3.73312492e-14+1.05471187e-15j  3.68732822e-14+8.50014503e-16j -9.81159598e-15-1.47104551e-15j  7.49678097e-14+3.88578059e-16j  6.71962486e-14-1.06858966e-15j  1.96023753e-14-1.05471187e-15j]
        labels=[('kl', 'XJaBajjF')],
        shape=(8,),
    )
    hessian_by_M_M: [[ 30.96273929  13.56564789 -13.34152016  -5.10674422  -2.63039886  -0.263805     6.06071066   2.39500443   0.           3.88193147  -8.88092182  -8.1007483   -2.49452331  -0.84216685   1.4167048    4.08659981]
     [ 13.56564789  12.58659221 -11.38271612  -6.72488193  -5.56038053  -2.16649297   9.26157771   5.84849147  -3.88193147   0.          -0.75964302  -3.41070814  -4.37899852  -2.14031618   2.14518519   2.58367093]
     [-13.34152016 -11.38271612  49.17559128  27.97135665   8.54481416   5.25197139  -4.73366553  -3.77056734   8.88092182   0.75964302   0.           9.36362981  12.14743279   5.09777021  -4.46120008  -1.03149876]
     [ -5.10674422  -6.72488193  27.97135665  20.64845905   4.58329279   3.58815892  -5.67823899  -3.90747194   8.1007483    3.41070814  -9.36362981   0.           2.91537763   0.187736     0.43352856   0.13272896]
     [ -2.63039886  -5.56038053   8.54481416   4.58329279  46.61958631  20.88913658   6.30809369   4.43959685   2.49452331   4.37899852 -12.14743279  -2.91537763   0.           9.92977299  21.83335991  18.55303016]
     [ -0.263805    -2.16649297   5.25197139   3.58815892  20.88913658  15.09410395   7.53347954   6.82926597   0.84216685   2.14031618  -5.09777021  -0.187736    -9.92977299   0.           4.25786628   4.49593862]
     [  6.06071066   9.26157771  -4.73366553  -5.67823899   6.30809369   7.53347954  69.24221714  42.24290675  -1.4167048   -2.14518519   4.46120008  -0.43352856 -21.83335991  -4.25786628   0.          15.7834734 ]
     [  2.39500443   5.84849147  -3.77056734  -3.90747194   4.43959685   6.82926597  42.24290675  34.04033575  -4.08659981  -2.58367093   1.03149876  -0.13272896 -18.55303016  -4.49593862 -15.7834734    0.        ]
     [  0.          -3.88193147   8.88092182   8.1007483    2.49452331   0.84216685  -1.4167048   -4.08659981  30.96273929  13.56564789 -13.34152016  -5.10674422  -2.63039886  -0.263805     6.06071066   2.39500443]
     [  3.88193147   0.           0.75964302   3.41070814   4.37899852   2.14031618  -2.14518519  -2.58367093  13.56564789  12.58659221 -11.38271612  -6.72488193  -5.56038053  -2.16649297   9.26157771   5.84849147]
     [ -8.88092182  -0.75964302   0.          -9.36362981 -12.14743279  -5.09777021   4.46120008   1.03149876 -13.34152016 -11.38271612  49.17559128  27.97135665   8.54481416   5.25197139  -4.73366553  -3.77056734]
     [ -8.1007483   -3.41070814   9.36362981   0.          -2.91537763  -0.187736    -0.43352856  -0.13272896  -5.10674422  -6.72488193  27.97135665  20.64845905   4.58329279   3.58815892  -5.67823899  -3.90747194]
     [ -2.49452331  -4.37899852  12.14743279   2.91537763   0.          -9.92977299 -21.83335991 -18.55303016  -2.63039886  -5.56038053   8.54481416   4.58329279  46.61958631  20.88913658   6.30809369   4.43959685]
     [ -0.84216685  -2.14031618   5.09777021   0.187736     9.92977299   0.          -4.25786628  -4.49593862  -0.263805    -2.16649297   5.25197139   3.58815892  20.88913658  15.09410395   7.53347954   6.82926597]
     [  1.4167048    2.14518519  -4.46120008   0.43352856  21.83335991   4.25786628   0.         -15.7834734    6.06071066   9.26157771  -4.73366553  -5.67823899   6.30809369   7.53347954  69.24221714  42.24290675]
     [  4.08659981   2.58367093  -1.03149876   0.13272896  18.55303016   4.49593862  15.7834734    0.           2.39500443   5.84849147  -3.77056734  -3.90747194   4.43959685   6.82926597  42.24290675  34.04033575]]
    eigvals of hessian_by_M_M: [  0.81470192   0.81470192   1.62453157   1.62453157   2.65089612   2.65089612   4.56526855   4.56526855  23.40548207  23.40548207  40.48002131  40.48002131  81.35296888  81.35296888 123.47575456 123.47575456]
IWROR:
    iter_times, elapsed_time, sqdiff: 300, 0.6784698963165283, 3.272634081612763
    MSN: Tensor(
        [[-0.92690007-0.48541733j  0.94911966-0.13826781j  0.12435728+0.25753652j  1.07300744-0.28648177j]
         [-0.37171759+0.39757375j  0.48651862-0.50667991j  0.15752311+0.35813532j  1.22799997-1.1285316j ]
         [-0.90724333-0.23877924j  0.53250632-0.59839342j  0.42061185-0.04445114j -0.25497535-0.97545397j]
         [ 1.31699001+1.28157656j -0.65566759+0.27139043j -0.54504971+0.42185231j  1.62433994+0.2119406j ]]
        labels=['kl', 'kr'],
        shape=(4, 4),
    )
    grad_by_reM_reM: Tensor(
        [-3.81708554e-14-2.33146835e-15j -3.02813330e-14-2.06779038e-15j  3.25572902e-14+7.49400542e-16j -9.38138456e-15+6.66133815e-16j  8.59867733e-14+5.20417043e-16j  4.71012118e-14-1.66533454e-16j  5.57540125e-14-2.67841305e-15j  6.44467119e-14-2.27595720e-15j]
        labels=[('kl', 'XJaBajjF')],
        shape=(8,),
    )
    grad_by_imM_imM: Tensor(
        [-1.26787469e-13+2.22738494e-15j -7.13595849e-14+2.77555756e-17j  6.09234885e-14+4.44089210e-16j  7.85760346e-14+1.38777878e-16j  1.07087950e-13+1.83186799e-15j  7.16371407e-14+4.71844785e-16j -3.14887005e-14+3.40005801e-16j  4.37427872e-14+1.68268177e-16j]
        labels=[('kl', 'XJaBajjF')],
        shape=(8,),
    )
    hessian_by_M_M: [[ 2.39848959e+01  1.05418654e+01 -1.02911983e+01 -4.22091276e+00 -1.58804520e+00  2.72159915e-02  4.36601666e+00  1.61633219e+00  0.00000000e+00  2.57763197e+00 -7.05055005e+00 -6.76381011e+00 -2.03338615e+00 -5.34171021e-01  1.19625202e+00  3.83137088e+00]
     [ 1.05418654e+01  1.29213955e+01 -9.66257197e+00 -6.43766209e+00 -5.10628692e+00 -2.44794027e+00  8.47060578e+00  6.12156014e+00 -2.57763197e+00  0.00000000e+00 -5.26592352e-01 -3.05133326e+00 -4.21888529e+00 -1.80916087e+00  2.09791948e+00  2.13654145e+00]
     [-1.02911983e+01 -9.66257197e+00  3.76985806e+01  2.33108798e+01  6.48065622e+00  5.24423597e+00 -3.38041703e+00 -3.49053628e+00  7.05055005e+00  5.26592352e-01  0.00000000e+00  7.11757552e+00  9.30880596e+00  3.79341535e+00 -3.68511362e+00 -5.88154893e-01]
     [-4.22091276e+00 -6.43766209e+00  2.33108798e+01  1.96438358e+01  2.94142149e+00  3.48306130e+00 -4.83201530e+00 -3.92758529e+00  6.76381011e+00  3.05133326e+00 -7.11757552e+00  0.00000000e+00  2.38960024e+00 -3.34280469e-01  6.04177995e-01  3.13176927e-01]
     [-1.58804520e+00 -5.10628692e+00  6.48065622e+00  2.94142149e+00  3.65034982e+01  1.67444777e+01  5.28168543e+00  5.05126703e+00  2.03338615e+00  4.21888529e+00 -9.30880596e+00 -2.38960024e+00  0.00000000e+00  7.63916894e+00  1.65123434e+01  1.66495306e+01]
     [ 2.72159915e-02 -2.44794027e+00  5.24423597e+00  3.48306130e+00  1.67444777e+01  1.39386060e+01  5.54024943e+00  6.39361140e+00  5.34171021e-01  1.80916087e+00 -3.79341535e+00  3.34280469e-01 -7.63916894e+00  0.00000000e+00  2.51850511e+00  3.47152314e+00]
     [ 4.36601666e+00  8.47060578e+00 -3.38041703e+00 -4.83201530e+00  5.28168543e+00  5.54024943e+00  5.30857067e+01  3.54385267e+01 -1.19625202e+00 -2.09791948e+00  3.68511362e+00 -6.04177995e-01 -1.65123434e+01 -2.51850511e+00  0.00000000e+00  1.28888586e+01]
     [ 1.61633219e+00  6.12156014e+00 -3.49053628e+00 -3.92758529e+00  5.05126703e+00  6.39361140e+00  3.54385267e+01  3.29287315e+01 -3.83137088e+00 -2.13654145e+00  5.88154893e-01 -3.13176927e-01 -1.66495306e+01 -3.47152314e+00 -1.28888586e+01  0.00000000e+00]
     [ 0.00000000e+00 -2.57763197e+00  7.05055005e+00  6.76381011e+00  2.03338615e+00  5.34171021e-01 -1.19625202e+00 -3.83137088e+00  2.39848959e+01  1.05418654e+01 -1.02911983e+01 -4.22091276e+00 -1.58804520e+00  2.72159915e-02  4.36601666e+00  1.61633219e+00]
     [ 2.57763197e+00  0.00000000e+00  5.26592352e-01  3.05133326e+00  4.21888529e+00  1.80916087e+00 -2.09791948e+00 -2.13654145e+00  1.05418654e+01  1.29213955e+01 -9.66257197e+00 -6.43766209e+00 -5.10628692e+00 -2.44794027e+00  8.47060578e+00  6.12156014e+00]
     [-7.05055005e+00 -5.26592352e-01  0.00000000e+00 -7.11757552e+00 -9.30880596e+00 -3.79341535e+00  3.68511362e+00  5.88154893e-01 -1.02911983e+01 -9.66257197e+00  3.76985806e+01  2.33108798e+01  6.48065622e+00  5.24423597e+00 -3.38041703e+00 -3.49053628e+00]
     [-6.76381011e+00 -3.05133326e+00  7.11757552e+00  0.00000000e+00 -2.38960024e+00  3.34280469e-01 -6.04177995e-01 -3.13176927e-01 -4.22091276e+00 -6.43766209e+00  2.33108798e+01  1.96438358e+01  2.94142149e+00  3.48306130e+00 -4.83201530e+00 -3.92758529e+00]
     [-2.03338615e+00 -4.21888529e+00  9.30880596e+00  2.38960024e+00  0.00000000e+00 -7.63916894e+00 -1.65123434e+01 -1.66495306e+01 -1.58804520e+00 -5.10628692e+00  6.48065622e+00  2.94142149e+00  3.65034982e+01  1.67444777e+01  5.28168543e+00  5.05126703e+00]
     [-5.34171021e-01 -1.80916087e+00  3.79341535e+00 -3.34280469e-01  7.63916894e+00  0.00000000e+00 -2.51850511e+00 -3.47152314e+00  2.72159915e-02 -2.44794027e+00  5.24423597e+00  3.48306130e+00  1.67444777e+01  1.39386060e+01  5.54024943e+00  6.39361140e+00]
     [ 1.19625202e+00  2.09791948e+00 -3.68511362e+00  6.04177995e-01  1.65123434e+01  2.51850511e+00  0.00000000e+00 -1.28888586e+01  4.36601666e+00  8.47060578e+00 -3.38041703e+00 -4.83201530e+00  5.28168543e+00  5.54024943e+00  5.30857067e+01  3.54385267e+01]
     [ 3.83137088e+00  2.13654145e+00 -5.88154893e-01  3.13176927e-01  1.66495306e+01  3.47152314e+00  1.28888586e+01  0.00000000e+00  1.61633219e+00  6.12156014e+00 -3.49053628e+00 -3.92758529e+00  5.05126703e+00  6.39361140e+00  3.54385267e+01  3.29287315e+01]]
    eigvals of hessian_by_M_M: [  0.98529238   0.98529238   2.00721283   2.00721283   3.31297332   3.31297332   5.80704818   5.80704818  19.04381344  19.04381344  32.5641073   32.5641073   66.13576747  66.13576747 100.84903544 100.84903544]
WLBOR:
    iter_times, elapsed_time, sqdiff: 300, 1.5808119773864746, 3.2726340816127593
    MSN: Tensor(
        [[-0.92690007-0.48541733j  0.94911966-0.13826781j  0.12435728+0.25753652j  1.07300743-0.28648177j]
         [-0.3717176 +0.39757376j  0.48651861-0.50667992j  0.15752311+0.35813532j  1.22799997-1.12853161j]
         [-0.90724333-0.23877923j  0.53250632-0.59839341j  0.42061185-0.04445114j -0.25497535-0.97545398j]
         [ 1.31699001+1.28157654j -0.65566759+0.27139042j -0.54504972+0.42185231j  1.62433995+0.21194059j]]
        labels=['kl', 'kr'],
        shape=(4, 4),
    )
    grad_by_reM_reM: Tensor(
        [ 8.81244172e-09-1.77635684e-15j  2.00959516e-09+4.44089210e-16j  9.07478193e-09+2.77555756e-16j -9.18189974e-09+2.77555756e-17j  2.14167419e-08-5.55111512e-17j -9.01305153e-09+8.88178420e-16j  5.31759617e-09-2.30371278e-15j  8.25694374e-09-1.37390099e-15j]
        labels=[('kl', 'XJaBajjF')],
        shape=(8,),
    )
    grad_by_imM_imM: Tensor(
        [-5.26892983e-08+2.99760217e-15j  3.06870329e-08-1.55431223e-15j  2.45524870e-08+4.44089210e-16j  1.09061432e-09-8.32667268e-16j -5.38077097e-09+1.11022302e-15j -1.06345372e-08+1.66533454e-15j -1.19443914e-08-1.77635684e-15j  4.45322045e-09+2.53963517e-15j]
        labels=[('kl', 'XJaBajjF')],
        shape=(8,),
    )
    hessian_by_M_M: [[ 45.3011935  -24.77142233  -8.04974832   2.25803107  -4.11210501   4.57665973   2.61120019  -5.95549739   0.         -10.0046336   -5.76080904  -2.53956269   5.55356131   0.99389595 -11.38263378   7.89520286]
     [-24.77142233  53.42145512  -7.60335351 -10.92819587  -8.48226409  -3.42346434  12.72390622  13.23022976  10.0046336    0.           2.66897573  -5.48987878 -14.90044839   2.69873938  16.45252839  -6.65693479]
     [ -8.04974832  -7.60335351  40.90237089   3.1825478    8.1504877    2.22944633  -0.17423475  -4.18839481   5.76080904  -2.66897573   0.           1.16352938  18.14520095  -5.47959438  -8.25766845   8.37838213]
     [  2.25803107 -10.92819587   3.1825478   32.08556623  -1.98186422   6.08976853  -7.81845873  -3.29044202   2.53956269   5.48987878  -1.16352938   0.          -2.44757609  -5.73919676   4.6047559   -3.77709028]
     [ -4.11210501  -8.48226409   8.1504877   -1.98186422  49.41946345 -14.84743199 -10.02917732   9.39195957  -5.55356131  14.90044839 -18.14520095   2.44757609   0.           6.90082401  19.29452751  22.08799737]
     [  4.57665973  -3.42346434   2.22944633   6.08976853 -14.84743199  35.98613144   9.4508247    9.56869243  -0.99389595  -2.69873938   5.47959438   5.73919676  -6.90082401   0.          -6.7404407  -12.86854972]
     [  2.61120019  12.72390622  -0.17423475  -7.81845873 -10.02917732   9.4508247   49.94241929   8.68923506  11.38263378 -16.45252839   8.25766845  -4.6047559  -19.29452751   6.7404407    0.           3.70795847]
     [ -5.95549739  13.23022976  -4.18839481  -3.29044202   9.39195957   9.56869243   8.68923506  59.76100303  -7.89520286   6.65693479  -8.37838213   3.77709028 -22.08799737  12.86854972  -3.70795847   0.        ]
     [  0.          10.0046336    5.76080904   2.53956269  -5.55356131  -0.99389595  11.38263378  -7.89520286  45.3011935  -24.77142233  -8.04974832   2.25803107  -4.11210501   4.57665973   2.61120019  -5.95549739]
     [-10.0046336    0.          -2.66897573   5.48987878  14.90044839  -2.69873938 -16.45252839   6.65693479 -24.77142233  53.42145512  -7.60335351 -10.92819587  -8.48226409  -3.42346434  12.72390622  13.23022976]
     [ -5.76080904   2.66897573   0.          -1.16352938 -18.14520095   5.47959438   8.25766845  -8.37838213  -8.04974832  -7.60335351  40.90237089   3.1825478    8.1504877    2.22944633  -0.17423475  -4.18839481]
     [ -2.53956269  -5.48987878   1.16352938   0.           2.44757609   5.73919676  -4.6047559    3.77709028   2.25803107 -10.92819587   3.1825478   32.08556623  -1.98186422   6.08976853  -7.81845873  -3.29044202]
     [  5.55356131 -14.90044839  18.14520095  -2.44757609   0.          -6.90082401 -19.29452751 -22.08799737  -4.11210501  -8.48226409   8.1504877   -1.98186422  49.41946345 -14.84743199 -10.02917732   9.39195957]
     [  0.99389595   2.69873938  -5.47959438  -5.73919676   6.90082401   0.           6.7404407   12.86854972   4.57665973  -3.42346434   2.22944633   6.08976853 -14.84743199  35.98613144   9.4508247    9.56869243]
     [-11.38263378  16.45252839  -8.25766845   4.6047559   19.29452751  -6.7404407    0.          -3.70795847   2.61120019  12.72390622  -0.17423475  -7.81845873 -10.02917732   9.4508247   49.94241929   8.68923506]
     [  7.89520286  -6.65693479   8.37838213  -3.77709028  22.08799737 -12.86854972   3.70795847   0.          -5.95549739  13.23022976  -4.18839481  -3.29044202   9.39195957   9.56869243   8.68923506  59.76100303]]
    eigvals of hessian_by_M_M: [  6.38231087   6.38231087  10.66919971  10.66919971  21.47335586  21.47335586  27.27357309  27.27357309  45.1534948   45.1534948   58.51673562  58.51673562  77.5144173   77.5144173  119.8365157  119.8365157 ]
WNAG:
    iter_times, elapsed_time, sqdiff: 300, 0.7179608345031738, 1.6976818429813707
    MSN: Tensor(
        [[-0.35814249-1.221855j    0.52568985+0.42565714j  0.78499839-0.22466268j  0.24198861+1.81142076j]
         [-0.30556834+0.29469977j -0.92117589-0.14122834j -0.49826428+0.63652566j  0.66363854+0.01480593j]
         [ 0.31533567+0.37646669j  0.90358547-0.06795441j  0.20920704-0.75881525j -0.52604971-1.05449482j]
         [-0.12347576+0.38466837j -0.9709036 +0.37361766j -0.11963572+0.90036206j  0.61206568-0.2444199j ]]
        labels=['kl', 'kr'],
        shape=(4, 4),
    )
    grad_by_reM_reM: Tensor(
        [ 0.13359133+6.99440506e-15j  0.0952548 +1.73194792e-14j -1.00596453-4.55191440e-15j -1.27310771-1.33226763e-15j  0.43921474-1.22124533e-15j  0.96085188-8.88178420e-15j -0.11212724-2.88657986e-15j -3.45849843-2.66453526e-15j]
        labels=[('kl', 'XJaBajjF')],
        shape=(8,),
    )
    grad_by_imM_imM: Tensor(
        [ 0.35834803-5.88418203e-15j  0.86423571+2.44249065e-15j -0.10749188-3.77475828e-15j -1.8102757 -1.23234756e-14j -0.63804087+2.66453526e-15j -0.21794182+6.43929354e-15j  2.21281095-8.88178420e-16j  2.47207392-4.44089210e-16j]
        labels=[('kl', 'XJaBajjF')],
        shape=(8,),
    )
    hessian_by_M_M: [[ 6.29637426e+02  7.48506847e+02  3.06557683e+01  2.95572770e+01 -3.08147758e+01 -1.89490026e+02  4.10873886e+01 -1.32211890e+01  0.00000000e+00  7.66585239e+02 -7.05896977e+00  2.34871734e+01  1.11569611e+02  8.89270518e+01  4.46823346e+01  1.23749569e+02]
     [ 7.48506847e+02  1.85663416e+03  2.67857731e+01  8.38385071e+01  6.58774036e+01 -1.78562597e+02  1.29252002e+02  1.17646873e+02 -7.66585239e+02  0.00000000e+00 -7.46078393e+01 -4.81055244e+01  1.86675493e+02  3.14733611e+02  4.19427091e+01  2.52308876e+02]
     [ 3.06557683e+01  2.67857731e+01  4.21693250e+02  5.56002837e+02  1.27146913e+00 -4.15152600e+01 -1.17405768e+02 -5.73343814e+01  7.05896977e+00  7.46078393e+01  0.00000000e+00  5.56758000e+02  3.54637081e+01  6.36359546e+01 -5.81392199e+01 -1.97381111e+02]
     [ 2.95572770e+01  8.38385071e+01  5.56002837e+02  1.49929564e+03  9.59641066e+01  1.13822593e+02 -2.60339199e+02 -3.77321457e+02 -2.34871734e+01  4.81055244e+01 -5.56758000e+02  0.00000000e+00  3.16518917e+01  1.84814597e+02  8.26897419e+01 -2.32439922e+02]
     [-3.08147758e+01  6.58774036e+01  1.27146913e+00  9.59641066e+01  4.50157482e+02  5.43515853e+02  3.75722619e+01 -7.19769426e+01 -1.11569611e+02 -1.86675493e+02 -3.54637081e+01 -3.16518917e+01  0.00000000e+00  5.99581084e+02  9.46144032e+01  1.59230752e+02]
     [-1.89490026e+02 -1.78562597e+02 -4.15152600e+01  1.13822593e+02  5.43515853e+02  1.50321528e+03  1.99140037e+02  1.75045729e+02 -8.89270518e+01 -3.14733611e+02 -6.36359546e+01 -1.84814597e+02 -5.99581084e+02  0.00000000e+00  5.95944904e+01  3.22250750e+02]
     [ 4.10873886e+01  1.29252002e+02 -1.17405768e+02 -2.60339199e+02  3.75722619e+01  1.99140037e+02  5.02609221e+02  6.50941217e+02 -4.46823346e+01 -4.19427091e+01  5.81392199e+01 -8.26897419e+01 -9.46144032e+01 -5.95944904e+01  0.00000000e+00  7.09449206e+02]
     [-1.32211890e+01  1.17646873e+02 -5.73343814e+01 -3.77321457e+02 -7.19769426e+01  1.75045729e+02  6.50941217e+02  1.89619732e+03 -1.23749569e+02 -2.52308876e+02  1.97381111e+02  2.32439922e+02 -1.59230752e+02 -3.22250750e+02 -7.09449206e+02  0.00000000e+00]
     [ 0.00000000e+00 -7.66585239e+02  7.05896977e+00 -2.34871734e+01 -1.11569611e+02 -8.89270518e+01 -4.46823346e+01 -1.23749569e+02  6.29637426e+02  7.48506847e+02  3.06557683e+01  2.95572770e+01 -3.08147758e+01 -1.89490026e+02  4.10873886e+01 -1.32211890e+01]
     [ 7.66585239e+02  0.00000000e+00  7.46078393e+01  4.81055244e+01 -1.86675493e+02 -3.14733611e+02 -4.19427091e+01 -2.52308876e+02  7.48506847e+02  1.85663416e+03  2.67857731e+01  8.38385071e+01  6.58774036e+01 -1.78562597e+02  1.29252002e+02  1.17646873e+02]
     [-7.05896977e+00 -7.46078393e+01  0.00000000e+00 -5.56758000e+02 -3.54637081e+01 -6.36359546e+01  5.81392199e+01  1.97381111e+02  3.06557683e+01  2.67857731e+01  4.21693250e+02  5.56002837e+02  1.27146913e+00 -4.15152600e+01 -1.17405768e+02 -5.73343814e+01]
     [ 2.34871734e+01 -4.81055244e+01  5.56758000e+02  0.00000000e+00 -3.16518917e+01 -1.84814597e+02 -8.26897419e+01  2.32439922e+02  2.95572770e+01  8.38385071e+01  5.56002837e+02  1.49929564e+03  9.59641066e+01  1.13822593e+02 -2.60339199e+02 -3.77321457e+02]
     [ 1.11569611e+02  1.86675493e+02  3.54637081e+01  3.16518917e+01  0.00000000e+00 -5.99581084e+02 -9.46144032e+01 -1.59230752e+02 -3.08147758e+01  6.58774036e+01  1.27146913e+00  9.59641066e+01  4.50157482e+02  5.43515853e+02  3.75722619e+01 -7.19769426e+01]
     [ 8.89270518e+01  3.14733611e+02  6.36359546e+01  1.84814597e+02  5.99581084e+02  0.00000000e+00 -5.95944904e+01 -3.22250750e+02 -1.89490026e+02 -1.78562597e+02 -4.15152600e+01  1.13822593e+02  5.43515853e+02  1.50321528e+03  1.99140037e+02  1.75045729e+02]
     [ 4.46823346e+01  4.19427091e+01 -5.81392199e+01  8.26897419e+01  9.46144032e+01  5.95944904e+01  0.00000000e+00 -7.09449206e+02  4.10873886e+01  1.29252002e+02 -1.17405768e+02 -2.60339199e+02  3.75722619e+01  1.99140037e+02  5.02609221e+02  6.50941217e+02]
     [ 1.23749569e+02  2.52308876e+02 -1.97381111e+02 -2.32439922e+02  1.59230752e+02  3.22250750e+02  7.09449206e+02  0.00000000e+00 -1.32211890e+01  1.17646873e+02 -5.73343814e+01 -3.77321457e+02 -7.19769426e+01  1.75045729e+02  6.50941217e+02  1.89619732e+03]]
    eigvals of hessian_by_M_M: [2.20395425e+00 2.20395425e+00 6.68498266e+00 6.68498266e+00 9.49593214e+00 9.49593214e+00 1.15091386e+01 1.15091386e+01 1.18994796e+03 1.18994796e+03 1.79866801e+03 1.79866801e+03 2.65264514e+03 2.65264514e+03 3.08828466e+03 3.08828466e+03]
SNAG:
    iter_times, elapsed_time, sqdiff: 300, 0.6702110767364502, 3.2726340816127504
    MSN: Tensor(
        [[-0.92690007-0.48541733j  0.94911966-0.13826781j  0.12435728+0.25753652j  1.07300744-0.28648177j]
         [-0.37171759+0.39757375j  0.48651862-0.50667991j  0.15752311+0.35813532j  1.22799997-1.1285316j ]
         [-0.90724333-0.23877924j  0.53250632-0.59839342j  0.42061185-0.04445114j -0.25497535-0.97545397j]
         [ 1.31699001+1.28157656j -0.65566759+0.27139043j -0.54504971+0.42185231j  1.62433994+0.2119406j ]]
        labels=['kl', 'kr'],
        shape=(4, 4),
    )
    grad_by_reM_reM: Tensor(
        [-1.58345559e-14+1.22124533e-15j -5.34294831e-15+3.33066907e-16j -1.94289029e-16-3.60822483e-16j -9.14546217e-15-1.68615122e-15j  2.00117700e-14-5.48172618e-16j -1.94289029e-16+2.77555756e-16j  1.41102408e-14-2.51187959e-15j -7.26849136e-16-1.19002030e-15j]
        labels=[('kl', 'XJaBajjF')],
        shape=(8,),
    )
    grad_by_imM_imM: Tensor(
        [ 5.38458167e-15+3.74700271e-16j -9.93649607e-15+9.29811783e-16j -9.40914013e-15-3.33066907e-16j -3.14331894e-15-4.57966998e-16j  4.22578639e-15-5.27355937e-16j  2.04281037e-14-7.49400542e-16j  5.75928194e-15+9.74914593e-16j  7.39686090e-15+4.12864187e-16j]
        labels=[('kl', 'XJaBajjF')],
        shape=(8,),
    )
    hessian_by_M_M: [[ 8.06349652  2.21159166 -3.40863891 -1.5253034   0.31181921  0.44642134  1.07754077  0.72495992  0.          2.20876652 -2.65355474 -2.75700983 -0.94488607 -0.44576979  0.71861516  2.62837895]
     [ 2.21159166  8.88701979 -3.90265694 -3.41041403 -1.48627299 -1.43413284  3.13632399  3.81470983 -2.20876652  0.         -0.24819754 -1.48326308 -2.6375562  -0.58648456  1.71295942  0.52108445]
     [-3.40863891 -3.90265694 11.6231886   7.97750415  1.85467307  2.59213382 -0.67853213 -1.22289737  2.65355474  0.24819754  0.          2.19601913  2.39077179  0.27478687 -1.53361893  0.31795045]
     [-1.5253034  -3.41041403  7.97750415  9.9497474  -0.03769649  1.81271516 -2.12608989 -2.04622308  2.75700983  1.48326308 -2.19601913  0.          0.03539764 -1.15226507  0.30004236  0.14166305]
     [ 0.31181921 -1.48627299  1.85467307 -0.03769649 12.52271818  5.11225357  2.92913228  5.14989891  0.94488607  2.6375562  -2.39077179 -0.03539764  0.          3.29772606  4.09340599  6.31252114]
     [ 0.44642134 -1.43413284  2.59213382  1.81271516  5.11225357  7.33003592  1.85976475  3.55825657  0.44576979  0.58648456 -0.27478687  1.15226507 -3.29772606  0.         -0.72312365 -0.15272239]
     [ 1.07754077  3.13632399 -0.67853213 -2.12608989  2.92913228  1.85976475 16.85650809 13.00342369 -0.71861516 -1.71295942  1.53361893 -0.30004236 -4.09340599  0.72312365  0.          4.97150952]
     [ 0.72495992  3.81470983 -1.22289737 -2.04622308  5.14989891  3.55825657 13.00342369 17.72742459 -2.62837895 -0.52108445 -0.31795045 -0.14166305 -6.31252114  0.15272239 -4.97150952  0.        ]
     [ 0.         -2.20876652  2.65355474  2.75700983  0.94488607  0.44576979 -0.71861516 -2.62837895  8.06349652  2.21159166 -3.40863891 -1.5253034   0.31181921  0.44642134  1.07754077  0.72495992]
     [ 2.20876652  0.          0.24819754  1.48326308  2.6375562   0.58648456 -1.71295942 -0.52108445  2.21159166  8.88701979 -3.90265694 -3.41041403 -1.48627299 -1.43413284  3.13632399  3.81470983]
     [-2.65355474 -0.24819754  0.         -2.19601913 -2.39077179 -0.27478687  1.53361893 -0.31795045 -3.40863891 -3.90265694 11.6231886   7.97750415  1.85467307  2.59213382 -0.67853213 -1.22289737]
     [-2.75700983 -1.48326308  2.19601913  0.         -0.03539764  1.15226507 -0.30004236 -0.14166305 -1.5253034  -3.41041403  7.97750415  9.9497474  -0.03769649  1.81271516 -2.12608989 -2.04622308]
     [-0.94488607 -2.6375562   2.39077179  0.03539764  0.         -3.29772606 -4.09340599 -6.31252114  0.31181921 -1.48627299  1.85467307 -0.03769649 12.52271818  5.11225357  2.92913228  5.14989891]
     [-0.44576979 -0.58648456  0.27478687 -1.15226507  3.29772606  0.          0.72312365  0.15272239  0.44642134 -1.43413284  2.59213382  1.81271516  5.11225357  7.33003592  1.85976475  3.55825657]
     [ 0.71861516  1.71295942 -1.53361893  0.30004236  4.09340599 -0.72312365  0.         -4.97150952  1.07754077  3.13632399 -0.67853213 -2.12608989  2.92913228  1.85976475 16.85650809 13.00342369]
     [ 2.62837895  0.52108445  0.31795045  0.14166305  6.31252114 -0.15272239  4.97150952  0.          0.72495992  3.81470983 -1.22289737 -2.04622308  5.14989891  3.55825657 13.00342369 17.72742459]]
    eigvals of hessian_by_M_M: [ 0.74988201  0.74988201  1.6847694   1.6847694   3.0418281   3.0418281   5.5666572   5.5666572   6.97385153  6.97385153 11.97586933 11.97586933 24.92326697 24.92326697 38.04401454 38.04401454]
SSpiral(8):
    iter_times, elapsed_time, sqdiff: 300, 1.0382728576660156, 1.844036536338208
    MSN: Tensor(
        [[ 0.09117968-0.26771965j  0.86857186-0.49371499j  0.75611052+0.56298428j  0.25826079+1.57041309j]
         [-0.88091768+0.61977728j -0.3548531 -0.21006052j -1.16843212+0.48903072j  0.99603895+0.42937606j]
         [ 0.2726672 +0.16523598j -0.01407122+0.36332355j -0.00484908+0.26981052j -0.42124709-0.41545861j]
         [ 0.06089753+0.42515147j -0.21333459+0.29106576j -0.27225332+0.42727772j  0.01095004-0.48540078j]]
        labels=['kl', 'kr'],
        shape=(4, 4),
    )
    grad_by_reM_reM: Tensor(
        [ 1.91513472e-15-1.04950770e-15j -5.62744296e-15+3.26128013e-16j  1.86829718e-14-1.38777878e-16j  9.51669299e-15-5.65519853e-16j  2.74780199e-14+1.49880108e-15j  1.55708779e-14+4.68375339e-17j -1.26634814e-14+1.55431223e-15j  1.57460850e-14+5.93275429e-16j]
        labels=[('kl', 'XJaBajjF')],
        shape=(8,),
    )
    grad_by_imM_imM: Tensor(
        [ 6.51909082e-15+8.60422844e-16j  1.65908953e-14+5.41233725e-16j -6.10622664e-15+9.05525654e-16j -3.10515502e-15-2.67147415e-16j  1.24900090e-14+1.27675648e-15j  3.86270876e-14+3.60822483e-16j  2.72004641e-14-5.20417043e-16j  1.39020739e-14+3.63424568e-16j]
        labels=[('kl', 'XJaBajjF')],
        shape=(8,),
    )
    hessian_by_M_M: [[ 19.59274819   3.01293602  -1.7158017   -0.25420286   0.76368897   2.20440029  -1.64256764  -0.13195758   0.           0.77476271   1.30005813  -0.43322361   0.54401283   1.55465625   2.57192595  -1.03550897]
     [  3.01293602  10.06731664  -0.84427336   0.80678729   0.14566805  -2.18134406   3.11075625   0.82338561  -0.77476271   0.          -2.99644502  -1.80932602  -1.11582786  -0.15746838  -1.21713545  -2.02147435]
     [ -1.7158017   -0.84427336  18.67120814   2.1703811    3.31716197  -2.20213661   1.58890313   0.28294808  -1.30005813   2.99644502   0.           2.55570478   5.44508651  -0.87817884 -10.01737975   0.88805059]
     [ -0.25420286   0.80678729   2.1703811    5.87306722  -2.03702556  -0.20301312  -2.74479512   0.99800875   0.43322361   1.80932602  -2.55570478   0.           1.87738366   2.59822419  -1.61721126  -0.81942819]
     [  0.76368897   0.14566805   3.31716197  -2.03702556  27.12815576   2.06865006   1.24659732  -0.50596777  -0.54401283   1.11582786  -5.44508651  -1.87738366   0.          -0.65145618   5.64960066   2.67357767]
     [  2.20440029  -2.18134406  -2.20213661  -0.20301312   2.06865006  10.00398177  -0.30832026   0.95846387  -1.55465625   0.15746838   0.87817884  -2.59822419   0.65145618   0.           4.50377743  -0.78791192]
     [ -1.64256764   3.11075625   1.58890313  -2.74479512   1.24659732  -0.30832026  33.51689444   0.92581481  -2.57192595   1.21713545  10.01737975   1.61721126  -5.64960066  -4.50377743   0.          -2.66586345]
     [ -0.13195758   0.82338561   0.28294808   0.99800875  -0.50596777   0.95846387   0.92581481   4.81948751   1.03550897   2.02147435  -0.88805059   0.81942819  -2.67357767   0.78791192   2.66586345   0.        ]
     [  0.          -0.77476271  -1.30005813   0.43322361  -0.54401283  -1.55465625  -2.57192595   1.03550897  19.59274819   3.01293602  -1.7158017   -0.25420286   0.76368897   2.20440029  -1.64256764  -0.13195758]
     [  0.77476271   0.           2.99644502   1.80932602   1.11582786   0.15746838   1.21713545   2.02147435   3.01293602  10.06731664  -0.84427336   0.80678729   0.14566805  -2.18134406   3.11075625   0.82338561]
     [  1.30005813  -2.99644502   0.          -2.55570478  -5.44508651   0.87817884  10.01737975  -0.88805059  -1.7158017   -0.84427336  18.67120814   2.1703811    3.31716197  -2.20213661   1.58890313   0.28294808]
     [ -0.43322361  -1.80932602   2.55570478   0.          -1.87738366  -2.59822419   1.61721126   0.81942819  -0.25420286   0.80678729   2.1703811    5.87306722  -2.03702556  -0.20301312  -2.74479512   0.99800875]
     [  0.54401283  -1.11582786   5.44508651   1.87738366   0.           0.65145618  -5.64960066  -2.67357767   0.76368897   0.14566805   3.31716197  -2.03702556  27.12815576   2.06865006   1.24659732  -0.50596777]
     [  1.55465625  -0.15746838  -0.87817884   2.59822419  -0.65145618   0.          -4.50377743   0.78791192   2.20440029  -2.18134406  -2.20213661  -0.20301312   2.06865006  10.00398177  -0.30832026   0.95846387]
     [  2.57192595  -1.21713545 -10.01737975  -1.61721126   5.64960066   4.50377743   0.           2.66586345  -1.64256764   3.11075625   1.58890313  -2.74479512   1.24659732  -0.30832026  33.51689444   0.92581481]
     [ -1.03550897  -2.02147435   0.88805059  -0.81942819   2.67357767  -0.78791192  -2.66586345   0.          -0.13195758   0.82338561   0.28294808   0.99800875  -0.50596777   0.95846387   0.92581481   4.81948751]]
    eigvals of hessian_by_M_M: [ 1.96111261  1.96111261  3.72797998  3.72797998  5.46810341  5.46810341 10.18236509 10.18236509 15.08364689 15.08364689 20.53575784 20.53575784 30.43367904 30.43367904 42.2802148  42.2802148 ]
SSpiral(11):
    iter_times, elapsed_time, sqdiff: 300, 1.1116549968719482, 1.8440365363382147
    MSN: Tensor(
        [[ 0.09117968-0.26771965j  0.86857186-0.49371499j  0.75611052+0.56298428j  0.25826079+1.57041309j]
         [-0.88091768+0.61977728j -0.3548531 -0.21006052j -1.16843212+0.48903072j  0.99603895+0.42937606j]
         [ 0.2726672 +0.16523598j -0.01407122+0.36332355j -0.00484908+0.26981052j -0.42124709-0.41545861j]
         [ 0.06089753+0.42515147j -0.21333459+0.29106576j -0.27225332+0.42727772j  0.01095004-0.48540078j]]
        labels=['kl', 'kr'],
        shape=(4, 4),
    )
    grad_by_reM_reM: Tensor(
        [ 4.32709424e-14+2.30371278e-15j  7.88605292e-15+1.11022302e-15j -7.24160044e-14+4.44089210e-16j -1.43045298e-14-5.34294831e-16j -8.21565038e-14-1.66533454e-15j  2.49800181e-16-5.41233725e-16j  4.52554660e-14+1.63584424e-15j -1.63489014e-14-3.46944695e-16j]
        labels=[('kl', 'XJaBajjF')],
        shape=(8,),
    )
    grad_by_imM_imM: Tensor(
        [-5.85365090e-14+3.19189120e-15j -1.41414658e-14+3.71230824e-16j  1.71529457e-14-1.60543237e-16j  7.87564458e-15-2.46330734e-16j -9.83657600e-14+4.44089210e-16j -2.69784195e-14+6.38378239e-16j -9.82547377e-14+2.73392420e-15j -2.92404989e-14+4.81385765e-16j]
        labels=[('kl', 'XJaBajjF')],
        shape=(8,),
    )
    hessian_by_M_M: [[ 4.45487708e+01  1.15593661e+01 -4.56712108e+00  8.24579862e-01 -9.13370636e-01 -7.37844914e-01  1.54782446e+00  8.14963174e-01  0.00000000e+00 -1.88050898e+00 -3.32399875e+00 -2.41102452e+00  2.57254179e+00  3.31242186e+00 -3.35070958e+00 -3.75808736e+00]
     [ 1.15593661e+01  1.10736859e+01 -1.05639412e+00  9.50700026e-01 -3.27666685e+00 -2.93472073e+00  4.43205940e+00  5.00916125e-01  1.88050898e+00  0.00000000e+00 -5.21450310e+00 -1.56618909e+00 -2.28107237e+00 -1.51120805e-01 -5.41765586e+00 -2.10300931e+00]
     [-4.56712108e+00 -1.05639412e+00  3.40924917e+01  5.18541914e+00  2.13851546e+00 -1.30758684e+00 -1.00060273e+00 -3.33125705e-02  3.32399875e+00  5.21450310e+00  0.00000000e+00  1.15619577e+00  1.16481746e+01 -4.56554944e-01 -1.37715372e+01  1.37422081e+00]
     [ 8.24579862e-01  9.50700026e-01  5.18541914e+00  6.30932628e+00 -2.94409574e+00  5.21611817e-01 -1.97545602e+00  1.42187769e+00  2.41102452e+00  1.56618909e+00 -1.15619577e+00  0.00000000e+00  5.87127837e+00  2.95123570e+00  8.74650644e-02 -9.04740302e-01]
     [-9.13370636e-01 -3.27666685e+00  2.13851546e+00 -2.94409574e+00  5.53874896e+01  1.03101990e+01  3.37352998e+00 -5.64076826e-01 -2.57254179e+00  2.28107237e+00 -1.16481746e+01 -5.87127837e+00  0.00000000e+00 -4.98494429e+00  1.44892721e+01  3.18830433e-01]
     [-7.37844914e-01 -2.93472073e+00 -1.30758684e+00  5.21611817e-01  1.03101990e+01  1.15106470e+01  2.50091543e+00  1.31373223e+00 -3.31242186e+00  1.51120805e-01  4.56554944e-01 -2.95123570e+00  4.98494429e+00  0.00000000e+00  3.85729078e+00 -1.80940980e+00]
     [ 1.54782446e+00  4.43205940e+00 -1.00060273e+00 -1.97545602e+00  3.37352998e+00  2.50091543e+00  5.92274725e+01  3.56978515e+00  3.35070958e+00  5.41765586e+00  1.37715372e+01 -8.74650644e-02 -1.44892721e+01 -3.85729078e+00  0.00000000e+00 -7.61981029e+00]
     [ 8.14963174e-01  5.00916125e-01 -3.33125705e-02  1.42187769e+00 -5.64076826e-01  1.31373223e+00  3.56978515e+00  6.11897704e+00  3.75808736e+00  2.10300931e+00 -1.37422081e+00  9.04740302e-01 -3.18830433e-01  1.80940980e+00  7.61981029e+00  0.00000000e+00]
     [ 0.00000000e+00  1.88050898e+00  3.32399875e+00  2.41102452e+00 -2.57254179e+00 -3.31242186e+00  3.35070958e+00  3.75808736e+00  4.45487708e+01  1.15593661e+01 -4.56712108e+00  8.24579862e-01 -9.13370636e-01 -7.37844914e-01  1.54782446e+00  8.14963174e-01]
     [-1.88050898e+00  0.00000000e+00  5.21450310e+00  1.56618909e+00  2.28107237e+00  1.51120805e-01  5.41765586e+00  2.10300931e+00  1.15593661e+01  1.10736859e+01 -1.05639412e+00  9.50700026e-01 -3.27666685e+00 -2.93472073e+00  4.43205940e+00  5.00916125e-01]
     [-3.32399875e+00 -5.21450310e+00  0.00000000e+00 -1.15619577e+00 -1.16481746e+01  4.56554944e-01  1.37715372e+01 -1.37422081e+00 -4.56712108e+00 -1.05639412e+00  3.40924917e+01  5.18541914e+00  2.13851546e+00 -1.30758684e+00 -1.00060273e+00 -3.33125705e-02]
     [-2.41102452e+00 -1.56618909e+00  1.15619577e+00  0.00000000e+00 -5.87127837e+00 -2.95123570e+00 -8.74650644e-02  9.04740302e-01  8.24579862e-01  9.50700026e-01  5.18541914e+00  6.30932628e+00 -2.94409574e+00  5.21611817e-01 -1.97545602e+00  1.42187769e+00]
     [ 2.57254179e+00 -2.28107237e+00  1.16481746e+01  5.87127837e+00  0.00000000e+00  4.98494429e+00 -1.44892721e+01 -3.18830433e-01 -9.13370636e-01 -3.27666685e+00  2.13851546e+00 -2.94409574e+00  5.53874896e+01  1.03101990e+01  3.37352998e+00 -5.64076826e-01]
     [ 3.31242186e+00 -1.51120805e-01 -4.56554944e-01  2.95123570e+00 -4.98494429e+00  0.00000000e+00 -3.85729078e+00  1.80940980e+00 -7.37844914e-01 -2.93472073e+00 -1.30758684e+00  5.21611817e-01  1.03101990e+01  1.15106470e+01  2.50091543e+00  1.31373223e+00]
     [-3.35070958e+00 -5.41765586e+00 -1.37715372e+01  8.74650644e-02  1.44892721e+01  3.85729078e+00  0.00000000e+00  7.61981029e+00  1.54782446e+00  4.43205940e+00 -1.00060273e+00 -1.97545602e+00  3.37352998e+00  2.50091543e+00  5.92274725e+01  3.56978515e+00]
     [-3.75808736e+00 -2.10300931e+00  1.37422081e+00 -9.04740302e-01  3.18830433e-01 -1.80940980e+00 -7.61981029e+00  0.00000000e+00  8.14963174e-01  5.00916125e-01 -3.33125705e-02  1.42187769e+00 -5.64076826e-01  1.31373223e+00  3.56978515e+00  6.11897704e+00]]
    eigvals of hessian_by_M_M: [ 1.92516225  1.92516225  4.16316795  4.16316795  5.43585707  5.43585707  9.89353044  9.89353044 22.20978939 22.20978939 51.44472971 51.44472971 54.25077891 54.25077891 78.94584507 78.94584507]
SSpiral(14):
    iter_times, elapsed_time, sqdiff: 300, 1.0372140407562256, 1.8440365363382125
    MSN: Tensor(
        [[ 0.09117968-0.26771965j  0.86857186-0.49371499j  0.75611052+0.56298428j  0.25826079+1.57041309j]
         [-0.88091768+0.61977728j -0.3548531 -0.21006052j -1.16843212+0.48903072j  0.99603895+0.42937606j]
         [ 0.2726672 +0.16523598j -0.01407122+0.36332355j -0.00484908+0.26981052j -0.42124709-0.41545861j]
         [ 0.06089753+0.42515147j -0.21333459+0.29106576j -0.27225332+0.42727772j  0.01095004-0.48540078j]]
        labels=['kl', 'kr'],
        shape=(4, 4),
    )
    grad_by_reM_reM: Tensor(
        [ 5.60662627e-15-1.59594560e-16j -4.85722573e-16+1.29063427e-15j -3.97598621e-15-1.80411242e-16j  4.12170298e-15-6.93889390e-17j  5.99520433e-15+7.21644966e-16j  1.09912079e-14+1.12063137e-15j -9.63118474e-15-7.28583860e-16j  1.08680426e-14+5.41233725e-16j]
        labels=[('kl', 'XJaBajjF')],
        shape=(8,),
    )
    grad_by_imM_imM: Tensor(
        [-7.45931095e-15+1.22124533e-15j  1.85962357e-15+9.29811783e-16j -6.59194921e-15-6.24500451e-16j -2.83106871e-15-1.59594560e-16j  2.16493490e-15+1.44328993e-15j  1.03285436e-14-4.44089210e-16j  1.32463485e-14-1.47104551e-15j  6.46011022e-15-1.73645820e-15j]
        labels=[('kl', 'XJaBajjF')],
        shape=(8,),
    )
    hessian_by_M_M: [[ 3.51052927e+01  7.63559885e+00 -2.13956181e+00  3.14483025e-01  2.34087092e+00  2.85702164e+00 -2.19596051e+00  9.42765993e-01  0.00000000e+00  4.46096237e+00  1.34287495e+00 -4.05246596e-01  2.89264260e-01  2.45807249e+00  4.89932278e+00 -9.91289769e-01]
     [ 7.63559885e+00  1.54759680e+01 -3.27800155e+00  8.16251866e-01 -2.24800035e-01 -3.15106484e+00  3.25491867e+00  1.48745171e+00 -4.46096237e+00  0.00000000e+00 -4.55788536e+00 -2.94530283e+00 -9.28066899e-01  1.83571016e-03 -3.18478750e+00 -3.44104684e+00]
     [-2.13956181e+00 -3.27800155e+00  3.41548061e+01  5.32714850e+00  4.02441067e+00 -3.19853850e+00  3.20775271e+00 -8.53668283e-03 -1.34287495e+00  4.55788536e+00  0.00000000e+00  5.46574716e+00  9.55344961e+00 -1.53612306e+00 -1.80011843e+01  1.92997213e-01]
     [ 3.14483025e-01  8.16251866e-01  5.32714850e+00  8.85024448e+00 -1.51465316e+00 -4.74395228e-01 -4.12827544e+00  9.96254444e-01  4.05246596e-01  2.94530283e+00 -5.46574716e+00  0.00000000e+00  4.80538693e+00  3.95927262e+00 -3.05236223e+00 -1.14594074e+00]
     [ 2.34087092e+00 -2.24800035e-01  4.02441067e+00 -1.51465316e+00  4.65447214e+01  7.68903246e+00  1.44621805e+00 -1.03058086e+00 -2.89264260e-01  9.28066899e-01 -9.55344961e+00 -4.80538693e+00  0.00000000e+00  1.46481760e+00  1.05593345e+01  4.93340572e+00]
     [ 2.85702164e+00 -3.15106484e+00 -3.19853850e+00 -4.74395228e-01  7.68903246e+00  1.55233255e+01  8.68671280e-01  1.48540058e+00 -2.45807249e+00 -1.83571016e-03  1.53612306e+00 -3.95927262e+00 -1.46481760e+00  0.00000000e+00  7.51523974e+00 -3.17338674e-01]
     [-2.19596051e+00  3.25491867e+00  3.20775271e+00 -4.12827544e+00  1.44621805e+00  8.68671280e-01  5.52145092e+01  7.17622928e+00 -4.89932278e+00  3.18478750e+00  1.80011843e+01  3.05236223e+00 -1.05593345e+01 -7.51523974e+00  0.00000000e+00 -4.11334748e+00]
     [ 9.42765993e-01  1.48745171e+00 -8.53668283e-03  9.96254444e-01 -1.03058086e+00  1.48540058e+00  7.17622928e+00  8.13560965e+00  9.91289769e-01  3.44104684e+00 -1.92997213e-01  1.14594074e+00 -4.93340572e+00  3.17338674e-01  4.11334748e+00  0.00000000e+00]
     [ 0.00000000e+00 -4.46096237e+00 -1.34287495e+00  4.05246596e-01 -2.89264260e-01 -2.45807249e+00 -4.89932278e+00  9.91289769e-01  3.51052927e+01  7.63559885e+00 -2.13956181e+00  3.14483025e-01  2.34087092e+00  2.85702164e+00 -2.19596051e+00  9.42765993e-01]
     [ 4.46096237e+00  0.00000000e+00  4.55788536e+00  2.94530283e+00  9.28066899e-01 -1.83571016e-03  3.18478750e+00  3.44104684e+00  7.63559885e+00  1.54759680e+01 -3.27800155e+00  8.16251866e-01 -2.24800035e-01 -3.15106484e+00  3.25491867e+00  1.48745171e+00]
     [ 1.34287495e+00 -4.55788536e+00  0.00000000e+00 -5.46574716e+00 -9.55344961e+00  1.53612306e+00  1.80011843e+01 -1.92997213e-01 -2.13956181e+00 -3.27800155e+00  3.41548061e+01  5.32714850e+00  4.02441067e+00 -3.19853850e+00  3.20775271e+00 -8.53668283e-03]
     [-4.05246596e-01 -2.94530283e+00  5.46574716e+00  0.00000000e+00 -4.80538693e+00 -3.95927262e+00  3.05236223e+00  1.14594074e+00  3.14483025e-01  8.16251866e-01  5.32714850e+00  8.85024448e+00 -1.51465316e+00 -4.74395228e-01 -4.12827544e+00  9.96254444e-01]
     [ 2.89264260e-01 -9.28066899e-01  9.55344961e+00  4.80538693e+00  0.00000000e+00 -1.46481760e+00 -1.05593345e+01 -4.93340572e+00  2.34087092e+00 -2.24800035e-01  4.02441067e+00 -1.51465316e+00  4.65447214e+01  7.68903246e+00  1.44621805e+00 -1.03058086e+00]
     [ 2.45807249e+00  1.83571016e-03 -1.53612306e+00  3.95927262e+00  1.46481760e+00  0.00000000e+00 -7.51523974e+00  3.17338674e-01  2.85702164e+00 -3.15106484e+00 -3.19853850e+00 -4.74395228e-01  7.68903246e+00  1.55233255e+01  8.68671280e-01  1.48540058e+00]
     [ 4.89932278e+00 -3.18478750e+00 -1.80011843e+01 -3.05236223e+00  1.05593345e+01  7.51523974e+00  0.00000000e+00  4.11334748e+00 -2.19596051e+00  3.25491867e+00  3.20775271e+00 -4.12827544e+00  1.44621805e+00  8.68671280e-01  5.52145092e+01  7.17622928e+00]
     [-9.91289769e-01 -3.44104684e+00  1.92997213e-01 -1.14594074e+00  4.93340572e+00 -3.17338674e-01 -4.11334748e+00  0.00000000e+00  9.42765993e-01  1.48745171e+00 -8.53668283e-03  9.96254444e-01 -1.03058086e+00  1.48540058e+00  7.17622928e+00  8.13560965e+00]]
    eigvals of hessian_by_M_M: [ 2.87244902  2.87244902  5.24776145  5.24776145  7.51047488  7.51047488 15.02225592 15.02225592 24.89509919 24.89509919 38.28518056 38.28518056 51.03200036 51.03200036 74.13925567 74.13925567]
SSpiral(17):
    iter_times, elapsed_time, sqdiff: 300, 1.0778992176055908, 1.8440365363382138
    MSN: Tensor(
        [[ 0.09117968-0.26771965j  0.86857186-0.49371499j  0.75611052+0.56298428j  0.25826079+1.57041309j]
         [-0.88091768+0.61977728j -0.3548531 -0.21006052j -1.16843212+0.48903072j  0.99603895+0.42937606j]
         [ 0.2726672 +0.16523598j -0.01407122+0.36332355j -0.00484908+0.26981052j -0.42124709-0.41545861j]
         [ 0.06089753+0.42515147j -0.21333459+0.29106576j -0.27225332+0.42727772j  0.01095004-0.48540078j]]
        labels=['kl', 'kr'],
        shape=(4, 4),
    )
    grad_by_reM_reM: Tensor(
        [ 9.78939152e-14-1.73472348e-16j  1.15393806e-14+1.17961196e-16j -1.72678712e-14-3.46944695e-16j -3.88578059e-16-3.95516953e-16j  2.27651231e-13+5.55111512e-16j  6.05626660e-14+3.88578059e-16j  2.22787067e-13+7.77156117e-16j  5.17103721e-14+5.82867088e-16j]
        labels=[('kl', 'XJaBajjF')],
        shape=(8,),
    )
    grad_by_imM_imM: Tensor(
        [ 7.95960520e-14+4.44089210e-16j  3.32581185e-14-4.64905892e-16j -1.28133615e-13-4.29777741e-16j -2.59445243e-14+2.84494650e-16j -1.53321800e-13-2.77555756e-16j  3.48193696e-14-8.32667268e-16j  1.00322528e-13+1.24900090e-16j  8.65280070e-15-5.29090660e-16j]
        labels=[('kl', 'XJaBajjF')],
        shape=(8,),
    )
    hessian_by_M_M: [[ 28.4472486    4.28328886   0.77717633   1.35825795   1.6263974    2.76913986  -1.0811023    2.01550604   0.           8.08750159  -0.23727172   0.25391725  -1.20365879  -0.1209466    4.11790298  -0.03857898]
     [  4.28328886  12.37084955  -2.9478257    0.63805084   0.26721214  -2.7151752    1.28322245   1.11026637  -8.08750159   0.          -4.04624337  -2.27356577   0.73635115   0.0387066   -2.22594133  -2.81428905]
     [  0.77717633  -2.9478257   27.74293668   3.3781823    1.14766502  -4.22203759   4.36643964   0.03524483   0.23727172   4.04624337   0.           6.34588968   7.5630529   -1.32794021 -13.65198541   0.97911245]
     [  1.35825795   0.63805084   3.3781823    6.93453341  -0.41688167  -0.17816832  -2.89338375   0.82994074  -0.25391725   2.27356577  -6.34588968   0.           2.92193106   3.18850878  -2.88044434  -0.82896008]
     [  1.6263974    0.26721214   1.14766502  -0.41688167  34.09319279   3.59642584   0.4319871    0.2847354    1.20365879  -0.73635115  -7.5630529   -2.92193106   0.           5.77408555   5.68074401   4.3379354 ]
     [  2.76913986  -2.7151752   -4.22203759  -0.17816832   3.59642584  12.54060616  -1.17501131   1.28386375   0.1209466   -0.0387066    1.32794021  -3.18850878  -5.77408555   0.           4.91230424  -0.50448116]
     [ -1.0811023    1.28322245   4.36643964  -2.89338375   0.4319871   -1.17501131  34.33779686   2.81787398  -4.11790298   2.22594133  13.65198541   2.88044434  -5.68074401  -4.91230424   0.          -1.50506817]
     [  2.01550604   1.11026637   0.03524483   0.82994074   0.2847354    1.28386375   2.81787398   6.69121958   0.03857898   2.81428905  -0.97911245   0.82896008  -4.3379354    0.50448116   1.50506817   0.        ]
     [  0.          -8.08750159   0.23727172  -0.25391725   1.20365879   0.1209466   -4.11790298   0.03857898  28.4472486    4.28328886   0.77717633   1.35825795   1.6263974    2.76913986  -1.0811023    2.01550604]
     [  8.08750159   0.           4.04624337   2.27356577  -0.73635115  -0.0387066    2.22594133   2.81428905   4.28328886  12.37084955  -2.9478257    0.63805084   0.26721214  -2.7151752    1.28322245   1.11026637]
     [ -0.23727172  -4.04624337   0.          -6.34588968  -7.5630529    1.32794021  13.65198541  -0.97911245   0.77717633  -2.9478257   27.74293668   3.3781823    1.14766502  -4.22203759   4.36643964   0.03524483]
     [  0.25391725  -2.27356577   6.34588968   0.          -2.92193106  -3.18850878   2.88044434   0.82896008   1.35825795   0.63805084   3.3781823    6.93453341  -0.41688167  -0.17816832  -2.89338375   0.82994074]
     [ -1.20365879   0.73635115   7.5630529    2.92193106   0.          -5.77408555  -5.68074401  -4.3379354    1.6263974    0.26721214   1.14766502  -0.41688167  34.09319279   3.59642584   0.4319871    0.2847354 ]
     [ -0.1209466    0.0387066   -1.32794021   3.18850878   5.77408555   0.          -4.91230424   0.50448116   2.76913986  -2.7151752   -4.22203759  -0.17816832   3.59642584  12.54060616  -1.17501131   1.28386375]
     [  4.11790298  -2.22594133 -13.65198541  -2.88044434   5.68074401   4.91230424   0.           1.50506817  -1.0811023    1.28322245   4.36643964  -2.89338375   0.4319871   -1.17501131  34.33779686   2.81787398]
     [ -0.03857898  -2.81428905   0.97911245  -0.82896008   4.3379354   -0.50448116  -1.50506817   0.           2.01550604   1.11026637   0.03524483   0.82994074   0.2847354    1.28386375   2.81787398   6.69121958]]
    eigvals of hessian_by_M_M: [ 2.47776523  2.47776523  3.66691523  3.66691523  6.02461873  6.02461873 11.16788749 11.16788749 17.19126052 17.19126052 33.00264801 33.00264801 37.47199885 37.47199885 52.15528955 52.15528955]
SSpiral(20):
    iter_times, elapsed_time, sqdiff: 300, 1.060791015625, 1.844036536338212
    MSN: Tensor(
        [[ 0.09117968-0.26771965j  0.86857186-0.49371499j  0.75611052+0.56298428j  0.25826079+1.57041309j]
         [-0.88091768+0.61977728j -0.3548531 -0.21006052j -1.16843212+0.48903072j  0.99603895+0.42937606j]
         [ 0.2726672 +0.16523598j -0.01407122+0.36332355j -0.00484908+0.26981052j -0.42124709-0.41545861j]
         [ 0.06089753+0.42515147j -0.21333459+0.29106576j -0.27225332+0.42727772j  0.01095004-0.48540078j]]
        labels=['kl', 'kr'],
        shape=(4, 4),
    )
    grad_by_reM_reM: Tensor(
        [-4.64350780e-14-8.81239526e-16j -1.32914513e-14-1.59594560e-16j  2.19595392e-14+7.77156117e-16j  2.04350425e-15-3.40005801e-16j -3.33066907e-16-1.74860126e-15j -4.32986980e-14+1.76941795e-16j -5.89250870e-14+6.52256027e-16j -1.00136913e-14+2.15105711e-16j]
        labels=[('kl', 'XJaBajjF')],
        shape=(8,),
    )
    grad_by_imM_imM: Tensor(
        [ 1.90611416e-14+4.16333634e-16j -8.27810043e-15+1.56125113e-16j -4.77395901e-15+5.69206141e-17j  1.23442923e-14+4.19803081e-16j  1.05832010e-13-2.22044605e-16j  9.26689281e-15+1.66533454e-16j  8.54871729e-15-5.75928194e-16j  1.09773302e-14+4.67507977e-16j]
        labels=[('kl', 'XJaBajjF')],
        shape=(8,),
    )
    hessian_by_M_M: [[ 30.61396927   3.83919193   1.31772408   1.44032544   1.41521957   2.61485012  -1.00756515   2.11360163   0.           8.09392815  -0.55633995   0.32185797  -1.51851687  -0.45774811   4.20532182   0.15521772]
     [  3.83919193   9.96958588  -2.82417523   0.46598224   0.35306352  -2.19042281   0.86920352   0.89926659  -8.09392815   0.          -3.74126262  -1.82842661   0.94235381   0.06167857  -2.0007988   -2.29972096]
     [  1.31772408  -2.82417523  29.54135189   3.15647077   0.93027919  -4.08739707   5.00612768  -0.0399511    0.55633995   3.74126262   0.           6.02464914   8.11558012  -1.21266795 -14.22182126   0.8665572 ]
     [  1.44032544   0.46598224   3.15647077   5.56144065  -0.23893549  -0.1232073   -2.49003475   0.62140444  -0.32185797   1.82842661  -6.02464914   0.           2.62326967   2.5703964   -2.77094163  -0.65702662]
     [  1.41521957   0.35306352   0.93027919  -0.23893549  35.97983953   3.17771918   0.43667074   0.43155516   1.51851687  -0.94235381  -8.11558012  -2.62326967   0.           5.94373603   5.27000787   4.12619255]
     [  2.61485012  -2.19042281  -4.08739707  -0.1232073    3.17771918  10.15212753  -1.34707749   1.04939496   0.45774811  -0.06167857   1.21266795  -2.5703964   -5.94373603   0.           4.40077334  -0.34687472]
     [ -1.00756515   0.86920352   5.00612768  -2.49003475   0.43667074  -1.34707749  34.71513137   2.49213463  -4.20532182   2.0007988   14.22182126   2.77094163  -5.27000787  -4.40077334   0.          -1.23509801]
     [  2.11360163   0.89926659  -0.0399511    0.62140444   0.43155516   1.04939496   2.49213463   5.52838519  -0.15521772   2.29972096  -0.8665572    0.65702662  -4.12619255   0.34687472   1.23509801   0.        ]
     [  0.          -8.09392815   0.55633995  -0.32185797   1.51851687   0.45774811  -4.20532182  -0.15521772  30.61396927   3.83919193   1.31772408   1.44032544   1.41521957   2.61485012  -1.00756515   2.11360163]
     [  8.09392815   0.           3.74126262   1.82842661  -0.94235381  -0.06167857   2.0007988    2.29972096   3.83919193   9.96958588  -2.82417523   0.46598224   0.35306352  -2.19042281   0.86920352   0.89926659]
     [ -0.55633995  -3.74126262   0.          -6.02464914  -8.11558012   1.21266795  14.22182126  -0.8665572    1.31772408  -2.82417523  29.54135189   3.15647077   0.93027919  -4.08739707   5.00612768  -0.0399511 ]
     [  0.32185797  -1.82842661   6.02464914   0.          -2.62326967  -2.5703964    2.77094163   0.65702662   1.44032544   0.46598224   3.15647077   5.56144065  -0.23893549  -0.1232073   -2.49003475   0.62140444]
     [ -1.51851687   0.94235381   8.11558012   2.62326967   0.          -5.94373603  -5.27000787  -4.12619255   1.41521957   0.35306352   0.93027919  -0.23893549  35.97983953   3.17771918   0.43667074   0.43155516]
     [ -0.45774811   0.06167857  -1.21266795   2.5703964    5.94373603   0.          -4.40077334   0.34687472   2.61485012  -2.19042281  -4.08739707  -0.1232073    3.17771918  10.15212753  -1.34707749   1.04939496]
     [  4.20532182  -2.0007988  -14.22182126  -2.77094163   5.27000787   4.40077334   0.           1.23509801  -1.00756515   0.86920352   5.00612768  -2.49003475   0.43667074  -1.34707749  34.71513137   2.49213463]
     [  0.15521772  -2.29972096   0.8665572   -0.65702662   4.12619255  -0.34687472  -1.23509801   0.           2.11360163   0.89926659  -0.0399511    0.62140444   0.43155516   1.04939496   2.49213463   5.52838519]]
    eigvals of hessian_by_M_M: [ 2.0162642   2.0162642   3.04477805  3.04477805  5.26768332  5.26768332  8.9772047   8.9772047  16.21370876 16.21370876 34.53542555 34.53542555 38.84116568 38.84116568 53.16560105 53.16560105]
