b=4, chi=2, seed=366, 
NOR:
    iter_times, elapsed_time, sqdiff: 300, 0.6876389980316162, 2.8547368191767077
    MSN: Tensor(
        [[-0.04778608+0.67733984j -0.47061949-0.56819641j  0.2503504 +0.11524975j -0.2001418 +0.00994734j]
         [-0.02420813+0.53341941j -0.42381888-0.04233864j -0.52202582-0.57406176j -0.40222679-1.34028503j]
         [ 0.8441705 +0.04697364j -0.8728845 +0.52765268j  0.52879197-0.55899966j  0.66109134+0.30666981j]
         [-0.60660145+0.58397866j  0.02075813-1.02406322j  0.37884237+0.43879372j -0.02569367+0.19026153j]]
        labels=['kl', 'kr'],
        shape=(4, 4),
    )
    grad_by_reM_reM: Tensor(
        [1.11022302e-16+4.44089210e-16j 1.99840144e-14+2.22044605e-16j 3.16413562e-15-2.35922393e-16j 1.38777878e-15+5.27355937e-16j 1.66533454e-15+8.88178420e-16j 1.27675648e-14+5.55111512e-16j 9.04831765e-15-9.99200722e-16j 2.38142839e-14+7.77156117e-16j]
        labels=[('kl', 'hxdXinhe')],
        shape=(8,),
    )
    grad_by_imM_imM: Tensor(
        [ 7.32747196e-15+1.11022302e-16j  1.38777878e-14-6.66133815e-16j -9.71445147e-16+2.77555756e-16j -1.20459198e-14+8.32667268e-16j -5.99520433e-15+5.55111512e-16j  3.59712260e-14+1.22124533e-15j -2.40918396e-14+7.21644966e-16j -9.88098492e-15-1.05471187e-15j]
        labels=[('kl', 'hxdXinhe')],
        shape=(8,),
    )
    hessian_by_M_M: [[ 55.70411642  -9.01935988   1.12951014   4.02115738  -4.49917144   8.91058508   4.68330562   8.56237983   0.          13.33737288 -15.57633431   4.35913079  -9.68548608   6.58389224  18.41361645  -1.02249377]
     [ -9.01935988  44.17111199 -19.05623535  -1.10969755  -7.54763077  -1.86882907   2.18284435  -8.47407123 -13.33737288   0.           5.79477595   0.90066746   4.32513449 -10.66747504 -11.17554538   4.27069356]
     [  1.12951014 -19.05623535  43.3140702    2.73117182   6.4872786   -0.34669275  -2.99452189  -0.491222    15.57633431  -5.79477595   0.          10.53841074  -5.84944811  11.50395033   8.50524883  -3.16662038]
     [  4.02115738  -1.10969755   2.73117182  41.63672496   4.88735925  -1.700281     7.42600961   0.60816937  -4.35913079  -0.90066746 -10.53841074   0.          -3.34350715  10.11565481  -5.69701384  -3.6587242 ]
     [ -4.49917144  -7.54763077   6.4872786    4.88735925  43.79121423 -18.70319283  -5.870701     8.73131501   9.68548608  -4.32513449   5.84944811   3.34350715   0.          16.62795495  -4.93154792 -18.31300148]
     [  8.91058508  -1.86882907  -0.34669275  -1.700281   -18.70319283  53.90026021   2.88131678  -4.37317     -6.58389224  10.66747504 -11.50395033 -10.11565481 -16.62795495   0.           0.47851755   9.42733334]
     [  4.68330562   2.18284435  -2.99452189   7.42600961  -5.870701     2.88131678  31.50895673  -8.44479822 -18.41361645  11.17554538  -8.50524883   5.69701384   4.93154792  -0.47851755   0.          -5.01103983]
     [  8.56237983  -8.47407123  -0.491222     0.60816937   8.73131501  -4.37317     -8.44479822  51.18180964   1.02249377  -4.27069356   3.16662038   3.6587242   18.31300148  -9.42733334   5.01103983   0.        ]
     [  0.         -13.33737288  15.57633431  -4.35913079   9.68548608  -6.58389224 -18.41361645   1.02249377  55.70411642  -9.01935988   1.12951014   4.02115738  -4.49917144   8.91058508   4.68330562   8.56237983]
     [ 13.33737288   0.          -5.79477595  -0.90066746  -4.32513449  10.66747504  11.17554538  -4.27069356  -9.01935988  44.17111199 -19.05623535  -1.10969755  -7.54763077  -1.86882907   2.18284435  -8.47407123]
     [-15.57633431   5.79477595   0.         -10.53841074   5.84944811 -11.50395033  -8.50524883   3.16662038   1.12951014 -19.05623535  43.3140702    2.73117182   6.4872786   -0.34669275  -2.99452189  -0.491222  ]
     [  4.35913079   0.90066746  10.53841074   0.           3.34350715 -10.11565481   5.69701384   3.6587242    4.02115738  -1.10969755   2.73117182  41.63672496   4.88735925  -1.700281     7.42600961   0.60816937]
     [ -9.68548608   4.32513449  -5.84944811  -3.34350715   0.         -16.62795495   4.93154792  18.31300148  -4.49917144  -7.54763077   6.4872786    4.88735925  43.79121423 -18.70319283  -5.870701     8.73131501]
     [  6.58389224 -10.66747504  11.50395033  10.11565481  16.62795495   0.          -0.47851755  -9.42733334   8.91058508  -1.86882907  -0.34669275  -1.700281   -18.70319283  53.90026021   2.88131678  -4.37317   ]
     [ 18.41361645 -11.17554538   8.50524883  -5.69701384  -4.93154792   0.47851755   0.           5.01103983   4.68330562   2.18284435  -2.99452189   7.42600961  -5.870701     2.88131678  31.50895673  -8.44479822]
     [ -1.02249377   4.27069356  -3.16662038  -3.6587242  -18.31300148   9.42733334  -5.01103983   0.           8.56237983  -8.47407123  -0.491222     0.60816937   8.73131501  -4.37317     -8.44479822  51.18180964]]
    eigvals of hessian_by_M_M: [ 10.18453744  10.18453744  18.45690908  18.45690908  19.15531713  19.15531713  31.69487982  31.69487982  43.26999574  43.26999574  51.98675985  51.98675985  78.57408582  78.57408582 111.88577949 111.88577949]
WCOR:
    iter_times, elapsed_time, sqdiff: 300, 0.7232887744903564, 2.854736819176705
    MSN: Tensor(
        [[-0.04778608+0.67733984j -0.47061949-0.56819641j  0.2503504 +0.11524975j -0.2001418 +0.00994734j]
         [-0.02420813+0.53341941j -0.42381888-0.04233864j -0.52202582-0.57406176j -0.40222679-1.34028503j]
         [ 0.8441705 +0.04697364j -0.8728845 +0.52765268j  0.52879197-0.55899966j  0.66109134+0.30666981j]
         [-0.60660145+0.58397866j  0.02075813-1.02406322j  0.37884237+0.43879372j -0.02569367+0.19026153j]]
        labels=['kl', 'kr'],
        shape=(4, 4),
    )
    grad_by_reM_reM: Tensor(
        [-2.55351296e-15+3.88578059e-16j  1.14352972e-14+1.94289029e-15j -5.93969318e-15+2.98372438e-16j  1.16573418e-14+3.60822483e-16j -2.27595720e-14+3.33066907e-16j  1.16573418e-14-1.49880108e-15j  8.04911693e-15+1.11022302e-16j -3.44169138e-14-1.11022302e-15j]
        labels=[('kl', 'hxdXinhe')],
        shape=(8,),
    )
    grad_by_imM_imM: Tensor(
        [-7.38298311e-15+1.11022302e-16j  1.69309011e-14+3.33066907e-16j -1.32463485e-14+1.66533454e-16j  2.30093722e-14+1.66533454e-15j  7.88258347e-15-4.44089210e-16j -1.12687637e-14+3.33066907e-16j -7.88258347e-15-1.38777878e-15j  1.88737914e-14-2.22044605e-16j]
        labels=[('kl', 'hxdXinhe')],
        shape=(8,),
    )
    hessian_by_M_M: [[ 48.43619691 -15.34493314   1.54262095   5.18912724  -3.79734401  10.03679581   3.71599791   7.19695453   0.          19.11948319 -14.09688243   5.65169212  -9.0395223    8.0662431   15.87774803  -1.2130481 ]
     [-15.34493314  59.63414572 -20.39037979  -0.8158026   -8.2276204   -2.18736187   3.32260078  -9.83199213 -19.11948319   0.           8.12964477  -2.22350343   6.57140352 -15.82396542 -12.84289196   5.3933931 ]
     [  1.54262095 -20.39037979  36.87578051  -2.39083831   5.62661239  -1.2643415   -2.74969721  -0.85186465  14.09688243  -8.12964477   0.          15.97433376  -5.11425046  11.97293387   7.71480781  -3.77789089]
     [  5.18912724  -0.8158026   -2.39083831  54.55551923   4.1466817   -0.53760929   7.91826558   0.68094328  -5.65169212   2.22350343 -15.97433376   0.          -4.63848223  12.73599409  -6.3804159   -3.11132454]
     [ -3.79734401  -8.2276204    5.62661239   4.1466817   39.39765643 -25.47750739  -5.89461395  11.16059057   9.0395223   -6.57140352   5.11425046   4.63848223   0.          20.88327674  -3.52240061 -18.89692936]
     [ 10.03679581  -2.18736187  -1.2643415   -0.53760929 -25.47750739  73.28202091   3.3776072   -8.24255022  -8.0662431   15.82396542 -11.97293387 -12.73599409 -20.88327674   0.           0.68229923  11.85092335]
     [  3.71599791   3.32260078  -2.74969721   7.91826558  -5.89461395   3.3776072   27.14582329 -12.36182528 -15.87774803  12.84289196  -7.71480781   6.3804159    3.52240061  -0.68229923   0.          -1.6064875 ]
     [  7.19695453  -9.83199213  -0.85186465   0.68094328  11.16059057  -8.24255022 -12.36182528  63.76662541   1.2130481   -5.3933931    3.77789089   3.11132454  18.89692936 -11.85092335   1.6064875    0.        ]
     [  0.         -19.11948319  14.09688243  -5.65169212   9.0395223   -8.0662431  -15.87774803   1.2130481   48.43619691 -15.34493314   1.54262095   5.18912724  -3.79734401  10.03679581   3.71599791   7.19695453]
     [ 19.11948319   0.          -8.12964477   2.22350343  -6.57140352  15.82396542  12.84289196  -5.3933931  -15.34493314  59.63414572 -20.39037979  -0.8158026   -8.2276204   -2.18736187   3.32260078  -9.83199213]
     [-14.09688243   8.12964477   0.         -15.97433376   5.11425046 -11.97293387  -7.71480781   3.77789089   1.54262095 -20.39037979  36.87578051  -2.39083831   5.62661239  -1.2643415   -2.74969721  -0.85186465]
     [  5.65169212  -2.22350343  15.97433376   0.           4.63848223 -12.73599409   6.3804159    3.11132454   5.18912724  -0.8158026   -2.39083831  54.55551923   4.1466817   -0.53760929   7.91826558   0.68094328]
     [ -9.0395223    6.57140352  -5.11425046  -4.63848223   0.         -20.88327674   3.52240061  18.89692936  -3.79734401  -8.2276204    5.62661239   4.1466817   39.39765643 -25.47750739  -5.89461395  11.16059057]
     [  8.0662431  -15.82396542  11.97293387  12.73599409  20.88327674   0.          -0.68229923 -11.85092335  10.03679581  -2.18736187  -1.2643415   -0.53760929 -25.47750739  73.28202091   3.3776072   -8.24255022]
     [ 15.87774803 -12.84289196   7.71480781  -6.3804159   -3.52240061   0.68229923   0.           1.6064875    3.71599791   3.32260078  -2.74969721   7.91826558  -5.89461395   3.3776072   27.14582329 -12.36182528]
     [ -1.2130481    5.3933931   -3.77789089  -3.11132454 -18.89692936  11.85092335  -1.6064875    0.           7.19695453  -9.83199213  -0.85186465   0.68094328  11.16059057  -8.24255022 -12.36182528  63.76662541]]
    eigvals of hessian_by_M_M: [  8.88500327   8.88500327  15.71237107  15.71237107  17.35484393  17.35484393  33.5846      33.5846      42.72201084  42.72201084  65.39293171  65.39293171  88.21206977  88.21206977 131.22993783 131.22993783]
WROR:
    iter_times, elapsed_time, sqdiff: 300, 0.6597459316253662, 2.8547368191767037
    MSN: Tensor(
        [[-0.04778608+0.67733984j -0.47061949-0.56819641j  0.2503504 +0.11524975j -0.2001418 +0.00994734j]
         [-0.02420813+0.53341941j -0.42381888-0.04233864j -0.52202582-0.57406176j -0.40222679-1.34028503j]
         [ 0.8441705 +0.04697364j -0.8728845 +0.52765268j  0.52879197-0.55899966j  0.66109134+0.30666981j]
         [-0.60660145+0.58397866j  0.02075813-1.02406322j  0.37884237+0.43879372j -0.02569367+0.19026153j]]
        labels=['kl', 'kr'],
        shape=(4, 4),
    )
    grad_by_reM_reM: Tensor(
        [ 1.31006317e-14+5.55111512e-17j -3.44169138e-14-1.77635684e-15j -4.77395901e-15+5.68989300e-16j  2.55351296e-15-1.60982339e-15j  2.22044605e-16-4.44089210e-16j -5.99520433e-15-1.11022302e-16j -3.65818487e-14-2.22044605e-16j  2.22044605e-14+1.55431223e-15j]
        labels=[('kl', 'hxdXinhe')],
        shape=(8,),
    )
    grad_by_imM_imM: Tensor(
        [-2.59237076e-14+1.77635684e-15j  1.23234756e-14-4.44089210e-16j -1.67643677e-14+7.77156117e-16j -3.45556916e-14+7.77156117e-16j  2.55351296e-15-1.11022302e-16j  2.85327317e-14+4.44089210e-16j -1.53210777e-14-1.27675648e-15j  1.77635684e-15+2.22044605e-16j]
        labels=[('kl', 'hxdXinhe')],
        shape=(8,),
    )
    hessian_by_M_M: [[ 40.5251569  -20.99172887   1.57851876   7.21427831  -2.9016451   10.90075744   3.04491042   3.99014911   0.          28.70091694 -12.65915415   6.62533439  -8.49919302   9.47485463  12.46842199   0.51864207]
     [-20.99172887  82.76009196 -20.73728415  -2.56452487  -9.37169594  -2.38282085   4.6552707   -8.2225203  -28.70091694   0.          11.33945066  -8.83503726   9.48275051 -23.31320338 -13.01785859   5.52165866]
     [  1.57851876 -20.73728415  30.40008761  -8.13845024   5.09345925  -3.24172556  -2.21002059  -1.69053847  12.65915415 -11.33945066   0.          25.48823409  -3.81364826  11.42750436   6.71622235  -3.95119552]
     [  7.21427831  -2.56452487  -8.13845024  76.15902933   2.73436149   3.93757331   7.59065412   1.80934196  -6.62533439   8.83503726 -25.48823409   0.          -7.29858081  17.11713313  -6.75028253  -1.91928232]
     [ -2.9016451   -9.37169594   5.09345925   2.73436149  34.58350243 -31.69846623  -6.11841147  14.66295586   8.49919302  -9.48275051   3.81364826   7.29858081   0.          27.44483617  -2.40852757 -18.12299768]
     [ 10.90075744  -2.38282085  -3.24172556   3.93757331 -31.69846623  98.4282739    3.68604506 -14.21583226  -9.47485463  23.31320338 -11.42750436 -17.11713313 -27.44483617   0.           1.29190011  11.12079529]
     [  3.04491042   4.6552707   -2.21002059   7.59065412  -6.11841147   3.68604506  21.81792904 -14.48421116 -12.46842199  13.01785859  -6.71622235   6.75028253   2.40852757  -1.29190011   0.           5.26989126]
     [  3.99014911  -8.2225203   -1.69053847   1.80934196  14.66295586 -14.21583226 -14.48421116  76.85468497  -0.51864207  -5.52165866   3.95119552   1.91928232  18.12299768 -11.12079529  -5.26989126   0.        ]
     [  0.         -28.70091694  12.65915415  -6.62533439   8.49919302  -9.47485463 -12.46842199  -0.51864207  40.5251569  -20.99172887   1.57851876   7.21427831  -2.9016451   10.90075744   3.04491042   3.99014911]
     [ 28.70091694   0.         -11.33945066   8.83503726  -9.48275051  23.31320338  13.01785859  -5.52165866 -20.99172887  82.76009196 -20.73728415  -2.56452487  -9.37169594  -2.38282085   4.6552707   -8.2225203 ]
     [-12.65915415  11.33945066   0.         -25.48823409   3.81364826 -11.42750436  -6.71622235   3.95119552   1.57851876 -20.73728415  30.40008761  -8.13845024   5.09345925  -3.24172556  -2.21002059  -1.69053847]
     [  6.62533439  -8.83503726  25.48823409   0.           7.29858081 -17.11713313   6.75028253   1.91928232   7.21427831  -2.56452487  -8.13845024  76.15902933   2.73436149   3.93757331   7.59065412   1.80934196]
     [ -8.49919302   9.48275051  -3.81364826  -7.29858081   0.         -27.44483617   2.40852757  18.12299768  -2.9016451   -9.37169594   5.09345925   2.73436149  34.58350243 -31.69846623  -6.11841147  14.66295586]
     [  9.47485463 -23.31320338  11.42750436  17.11713313  27.44483617   0.          -1.29190011 -11.12079529  10.90075744  -2.38282085  -3.24172556   3.93757331 -31.69846623  98.4282739    3.68604506 -14.21583226]
     [ 12.46842199 -13.01785859   6.71622235  -6.75028253  -2.40852757   1.29190011   0.          -5.26989126   3.04491042   4.6552707   -2.21002059   7.59065412  -6.11841147   3.68604506  21.81792904 -14.48421116]
     [  0.51864207   5.52165866  -3.95119552  -1.91928232 -18.12299768  11.12079529   5.26989126   0.           3.99014911  -8.2225203   -1.69053847   1.80934196  14.66295586 -14.21583226 -14.48421116  76.85468497]]
    eigvals of hessian_by_M_M: [  6.9101866    6.9101866   10.62323943  10.62323943  12.67651843  12.67651843  24.89587388  24.89587388  56.08638537  56.08638537  84.5763369   84.5763369  101.48697904 101.48697904 164.27323649 164.27323649]
IWROR:
    iter_times, elapsed_time, sqdiff: 300, 0.6385579109191895, 2.8547368191767046
    MSN: Tensor(
        [[-0.04778608+0.67733984j -0.47061949-0.56819641j  0.2503504 +0.11524975j -0.2001418 +0.00994734j]
         [-0.02420813+0.53341941j -0.42381888-0.04233864j -0.52202582-0.57406176j -0.40222679-1.34028503j]
         [ 0.8441705 +0.04697364j -0.8728845 +0.52765268j  0.52879197-0.55899966j  0.66109134+0.30666981j]
         [-0.60660145+0.58397866j  0.02075813-1.02406322j  0.37884237+0.43879372j -0.02569367+0.19026153j]]
        labels=['kl', 'kr'],
        shape=(4, 4),
    )
    grad_by_reM_reM: Tensor(
        [-3.21964677e-14-7.77156117e-16j  1.86517468e-14+4.99600361e-16j -2.95319325e-14+2.08166817e-16j  1.05471187e-14-4.02455846e-16j -6.65578703e-14+1.22124533e-15j -1.94289029e-14-6.66133815e-16j  2.18158824e-14+9.99200722e-16j -5.17363929e-14+1.11022302e-15j]
        labels=[('kl', 'hxdXinhe')],
        shape=(8,),
    )
    grad_by_imM_imM: Tensor(
        [-3.89688282e-14-6.66133815e-16j -7.27196081e-15+0.00000000e+00j -9.28424004e-15-2.22044605e-16j -4.26048086e-15+2.77555756e-15j  3.47499807e-14+8.32667268e-16j -7.31636973e-14+3.33066907e-16j  1.72084569e-14-2.27595720e-15j -2.46469511e-14+1.55431223e-15j]
        labels=[('kl', 'hxdXinhe')],
        shape=(8,),
    )
    hessian_by_M_M: [[ 40.61356277 -20.13508447   1.47913854   7.31911131  -2.88767663  10.84543571   3.16762951   3.62378875   0.          29.27070088 -12.7287415    6.42078382  -8.52421013   9.17978515  12.3840533    0.77981631]
     [-20.13508447  80.77107996 -20.51728638  -2.76646528  -9.44419549  -2.2887582    4.6734152   -7.56729425 -29.27070088   0.          11.23535259  -8.884484     9.31583648 -22.73554149 -12.68078768   5.19617102]
     [  1.47913854 -20.51728638  30.59199725  -7.62293973   5.20284398  -3.30778258  -2.15809249  -1.74891867  12.7287415  -11.23535259   0.          26.06058821  -3.7443327   11.34060955   6.7104972   -3.85851277]
     [  7.31911131  -2.76646528  -7.62293973  74.59701379   2.69765616   4.19074769   7.46039119   1.88990725  -6.42078382   8.884484   -26.06058821   0.          -7.32246972  16.7560256   -6.63441734  -1.81462084]
     [ -2.88767663  -9.44419549   5.20284398   2.69765616  34.56864503 -30.64834527  -6.14572265  14.5210118    8.52421013  -9.31583648   3.7443327    7.32246972   0.          27.8466844   -2.55460226 -17.78733252]
     [ 10.84543571  -2.2887582   -3.30778258   4.19074769 -30.64834527  95.59538019   3.51217241 -13.91335873  -9.17978515  22.73554149 -11.34060955 -16.7560256  -27.8466844    0.           1.44993739  10.31341863]
     [  3.16762951   4.6734152   -2.15809249   7.46039119  -6.14572265   3.51217241  21.70291572 -13.66383505 -12.3840533   12.68078768  -6.7104972    6.63441734   2.55460226  -1.44993739   0.           5.91265846]
     [  3.62378875  -7.56729425  -1.74891867   1.88990725  14.5210118  -13.91335873 -13.66383505  74.26735468  -0.77981631  -5.19617102   3.85851277   1.81462084  17.78733252 -10.31341863  -5.91265846   0.        ]
     [  0.         -29.27070088  12.7287415   -6.42078382   8.52421013  -9.17978515 -12.3840533   -0.77981631  40.61356277 -20.13508447   1.47913854   7.31911131  -2.88767663  10.84543571   3.16762951   3.62378875]
     [ 29.27070088   0.         -11.23535259   8.884484    -9.31583648  22.73554149  12.68078768  -5.19617102 -20.13508447  80.77107996 -20.51728638  -2.76646528  -9.44419549  -2.2887582    4.6734152   -7.56729425]
     [-12.7287415   11.23535259   0.         -26.06058821   3.7443327  -11.34060955  -6.7104972    3.85851277   1.47913854 -20.51728638  30.59199725  -7.62293973   5.20284398  -3.30778258  -2.15809249  -1.74891867]
     [  6.42078382  -8.884484    26.06058821   0.           7.32246972 -16.7560256    6.63441734   1.81462084   7.31911131  -2.76646528  -7.62293973  74.59701379   2.69765616   4.19074769   7.46039119   1.88990725]
     [ -8.52421013   9.31583648  -3.7443327   -7.32246972   0.         -27.8466844    2.55460226  17.78733252  -2.88767663  -9.44419549   5.20284398   2.69765616  34.56864503 -30.64834527  -6.14572265  14.5210118 ]
     [  9.17978515 -22.73554149  11.34060955  16.7560256   27.8466844    0.          -1.44993739 -10.31341863  10.84543571  -2.2887582   -3.30778258   4.19074769 -30.64834527  95.59538019   3.51217241 -13.91335873]
     [ 12.3840533  -12.68078768   6.7104972   -6.63441734  -2.55460226   1.44993739   0.          -5.91265846   3.16762951   4.6734152   -2.15809249   7.46039119  -6.14572265   3.51217241  21.70291572 -13.66383505]
     [  0.77981631   5.19617102  -3.85851277  -1.81462084 -17.78733252  10.31341863   5.91265846   0.           3.62378875  -7.56729425  -1.74891867   1.88990725  14.5210118  -13.91335873 -13.66383505  74.26735468]]
    eigvals of hessian_by_M_M: [  6.87647794   6.87647794  10.40584948  10.40584948  12.45219871  12.45219871  24.50064594  24.50064594  55.32397393  55.32397393  82.33380775  82.33380775  99.27248228  99.27248228 161.54251337 161.54251337]
WLBOR:
    iter_times, elapsed_time, sqdiff: 300, 1.5366992950439453, 2.8547368191767077
    MSN: Tensor(
        [[-0.04778606+0.67733984j -0.47061948-0.56819641j  0.25035038+0.11524976j -0.2001418 +0.00994735j]
         [-0.02420812+0.53341941j -0.42381887-0.04233865j -0.52202583-0.57406176j -0.40222676-1.34028502j]
         [ 0.84417051+0.04697364j -0.87288452+0.52765267j  0.52879197-0.55899965j  0.66109135+0.30666979j]
         [-0.60660145+0.58397868j  0.02075814-1.02406324j  0.37884236+0.43879374j -0.02569368+0.19026155j]]
        labels=['kl', 'kr'],
        shape=(4, 4),
    )
    grad_by_reM_reM: Tensor(
        [-2.30107328e-08-6.66133815e-16j  6.03895923e-08+6.10622664e-16j  6.95479302e-09+2.49800181e-16j -1.87266199e-08+3.36536354e-15j -2.15516318e-08+3.33066907e-16j -2.92036010e-08-1.38777878e-15j  1.06909693e-08+4.44089210e-16j -1.80026587e-08-7.77156117e-16j]
        labels=[('kl', 'hxdXinhe')],
        shape=(8,),
    )
    grad_by_imM_imM: Tensor(
        [ 4.66639309e-08-1.22124533e-15j  2.93983132e-09+5.55111512e-16j  1.71223406e-09-1.16573418e-15j -5.68353240e-09-2.22044605e-16j -5.49863188e-09+8.32667268e-16j  1.11808379e-08+1.11022302e-16j -1.52926096e-08+5.55111512e-17j  3.68285147e-09-1.22124533e-15j]
        labels=[('kl', 'hxdXinhe')],
        shape=(8,),
    )
    hessian_by_M_M: [[ 55.66075841  -9.13252818   1.12653663   4.05417625  -4.50127204   8.96980192   4.67348023   8.60587784   0.          13.38761413 -15.54285594   4.40757836  -9.66058651   6.62650467  18.41651729  -1.05650306]
     [ -9.13252818  44.76045291 -19.18902673  -1.09983763  -7.58219538  -1.89403904   2.19955417  -8.5956509  -13.38761413   0.           5.82886111   0.8909649    4.35259283 -10.82233495 -11.28191471   4.34262946]
     [  1.12653663 -19.18902673  43.28604079   2.70632174   6.46946026  -0.33030419  -2.99532894  -0.49992842  15.54285594  -5.82886111   0.          10.55627795  -5.85306237  11.5919862    8.49184257  -3.20172739]
     [  4.05417625  -1.09983763   2.70632174  42.15540218   4.89733299  -1.72586902   7.49116479   0.60520656  -4.40757836  -0.8909649  -10.55627795   0.          -3.34881387  10.23070005  -5.73586515  -3.68884469]
     [ -4.50127204  -7.58219538   6.46946026   4.89733299  43.73437377 -18.85022061  -5.84290241   8.78221505   9.66058651  -4.35259283   5.85306237   3.34881387   0.          16.69675056  -4.92935725 -18.42344148]
     [  8.96980192  -1.89403904  -0.33030419  -1.72586902 -18.85022061  54.64415614   2.89354637  -4.45055806  -6.62650467  10.82233495 -11.5919862  -10.23070005 -16.69675056   0.           0.4917655    9.5731231 ]
     [  4.67348023   2.19955417  -2.99532894   7.49116479  -5.84290241   2.89354637  31.51411071  -8.53817726 -18.41651729  11.28191471  -8.49184257   5.73586515   4.92935725  -0.4917655    0.          -5.08962823]
     [  8.60587784  -8.5956509   -0.49992842   0.60520656   8.78221505  -4.45055806  -8.53817726  51.84982568   1.05650306  -4.34262946   3.20172739   3.68884469  18.42344148  -9.5731231    5.08962823   0.        ]
     [  0.         -13.38761413  15.54285594  -4.40757836   9.66058651  -6.62650467 -18.41651729   1.05650306  55.66075841  -9.13252818   1.12653663   4.05417625  -4.50127204   8.96980192   4.67348023   8.60587784]
     [ 13.38761413   0.          -5.82886111  -0.8909649   -4.35259283  10.82233495  11.28191471  -4.34262946  -9.13252818  44.76045291 -19.18902673  -1.09983763  -7.58219538  -1.89403904   2.19955417  -8.5956509 ]
     [-15.54285594   5.82886111   0.         -10.55627795   5.85306237 -11.5919862   -8.49184257   3.20172739   1.12653663 -19.18902673  43.28604079   2.70632174   6.46946026  -0.33030419  -2.99532894  -0.49992842]
     [  4.40757836   0.8909649   10.55627795   0.           3.34881387 -10.23070005   5.73586515   3.68884469   4.05417625  -1.09983763   2.70632174  42.15540218   4.89733299  -1.72586902   7.49116479   0.60520656]
     [ -9.66058651   4.35259283  -5.85306237  -3.34881387   0.         -16.69675056   4.92935725  18.42344148  -4.50127204  -7.58219538   6.46946026   4.89733299  43.73437377 -18.85022061  -5.84290241   8.78221505]
     [  6.62650467 -10.82233495  11.5919862   10.23070005  16.69675056   0.          -0.4917655   -9.5731231    8.96980192  -1.89403904  -0.33030419  -1.72586902 -18.85022061  54.64415614   2.89354637  -4.45055806]
     [ 18.41651729 -11.28191471   8.49184257  -5.73586515  -4.92935725   0.4917655    0.           5.08962823   4.67348023   2.19955417  -2.99532894   7.49116479  -5.84290241   2.89354637  31.51411071  -8.53817726]
     [ -1.05650306   4.34262946  -3.20172739  -3.68884469 -18.42344148   9.5731231   -5.08962823   0.           8.60587784  -8.5956509   -0.49992842   0.60520656   8.78221505  -4.45055806  -8.53817726  51.84982568]]
    eigvals of hessian_by_M_M: [ 10.21628224  10.21628224  18.5837329   18.5837329   19.23302501  19.23302501  31.9831903   31.9831903   43.47484218  43.47484218  52.43750093  52.43750093  79.20672455  79.20672455 112.46982248 112.46982248]
WNAG:
    iter_times, elapsed_time, sqdiff: 300, 0.655876874923706, 2.0631149120908225
    MSN: Tensor(
        [[ 0.1460775 +0.39223144j -0.75333678-1.00863557j -1.04625599+0.02676222j -0.30576446+0.45611682j]
         [ 0.38226376+0.05705315j -0.15979636-0.4331262j  -0.08596305-0.4052836j   0.02345717-0.00248396j]
         [ 1.44847328-0.15126961j -0.67063929-0.15132894j  0.56679499-0.58889136j  0.64735913-0.10979453j]
         [-0.91857204+2.34589027j  0.74870169-1.20139724j  0.21363652+1.11096524j -0.47156961+1.07579264j]]
        labels=['kl', 'kr'],
        shape=(4, 4),
    )
    grad_by_reM_reM: Tensor(
        [ 0.30807177+1.58206781e-15j -0.58200599-2.72004641e-15j  0.03463487+5.11743425e-16j  0.03884147-1.66533454e-15j  0.24756632+4.71844785e-16j -0.42390727-1.55431223e-15j -0.10709818-4.99600361e-16j  0.08646762+5.27355937e-16j]
        labels=[('kl', 'hxdXinhe')],
        shape=(8,),
    )
    grad_by_imM_imM: Tensor(
        [ 0.33190779-1.60982339e-15j -0.52520459+3.21964677e-15j -0.01146418-2.42861287e-16j  0.07622471+6.93889390e-17j -0.32017905+3.10862447e-15j  0.66918804-6.10622664e-15j  0.1723789 -9.99200722e-16j -0.35671752+1.57512892e-15j]
        labels=[('kl', 'hxdXinhe')],
        shape=(8,),
    )
    hessian_by_M_M: [[ 3.53745249e+01 -6.48776882e+01  2.28843814e+00 -1.25342372e+00 -4.23570407e+00  7.64857721e+00 -2.13730891e+00 -1.04371718e+00  0.00000000e+00  7.68405716e+00 -8.76791577e+00  1.63558547e+01 -3.04346860e+00  5.70521485e+00  2.61268899e+00 -5.24353269e+00]
     [-6.48776882e+01  1.24186040e+02 -6.11168089e+00  6.55115487e+00  6.34223646e+00 -1.16532380e+01  3.19677628e+00  3.52698768e+00 -7.68405716e+00  0.00000000e+00  1.54169568e+01 -2.94566590e+01  4.64457466e+00 -9.33257100e+00 -6.25917687e+00  1.36736578e+01]
     [ 2.28843814e+00 -6.11168089e+00  3.19615579e+01 -5.86328525e+01  1.01442926e-01 -5.16576848e-01  1.34234640e-01  9.44865345e-01  8.76791577e+00 -1.54169568e+01  0.00000000e+00  6.12844639e+00  1.41298341e+00 -4.78336465e+00 -1.02076568e+00  1.48238144e+00]
     [-1.25342372e+00  6.55115487e+00 -5.86328525e+01  1.11823277e+02  5.37585024e-01  2.54404122e-01 -2.14322913e+00  1.64682804e+00 -1.63558547e+01  2.94566590e+01 -6.12844639e+00  0.00000000e+00 -6.89909041e+00  1.75758368e+01  1.64291101e+00 -3.11547877e+00]
     [-4.23570407e+00  6.34223646e+00  1.01442926e-01  5.37585024e-01  3.11337994e+01 -5.76763236e+01  2.83742807e-01  1.94821735e+00  3.04346860e+00 -4.64457466e+00 -1.41298341e+00  6.89909041e+00  0.00000000e+00  5.45721083e+00 -3.08104729e+00  6.58336971e+00]
     [ 7.64857721e+00 -1.16532380e+01 -5.16576848e-01  2.54404122e-01 -5.76763236e+01  1.10819557e+02 -2.18746234e+00 -5.83938029e-01 -5.70521485e+00  9.33257100e+00  4.78336465e+00 -1.75758368e+01 -5.45721083e+00  0.00000000e+00  5.09018421e+00 -1.14679644e+01]
     [-2.13730891e+00  3.19677628e+00  1.34234640e-01 -2.14322913e+00  2.83742807e-01 -2.18746234e+00  1.40392966e+01 -2.48462118e+01 -2.61268899e+00  6.25917687e+00  1.02076568e+00 -1.64291101e+00  3.08104729e+00 -5.09018421e+00  0.00000000e+00  2.77465087e+00]
     [-1.04371718e+00  3.52698768e+00  9.44865345e-01  1.64682804e+00  1.94821735e+00 -5.83938029e-01 -2.48462118e+01  4.73014679e+01  5.24353269e+00 -1.36736578e+01 -1.48238144e+00  3.11547877e+00 -6.58336971e+00  1.14679644e+01 -2.77465087e+00  0.00000000e+00]
     [ 0.00000000e+00 -7.68405716e+00  8.76791577e+00 -1.63558547e+01  3.04346860e+00 -5.70521485e+00 -2.61268899e+00  5.24353269e+00  3.53745249e+01 -6.48776882e+01  2.28843814e+00 -1.25342372e+00 -4.23570407e+00  7.64857721e+00 -2.13730891e+00 -1.04371718e+00]
     [ 7.68405716e+00  0.00000000e+00 -1.54169568e+01  2.94566590e+01 -4.64457466e+00  9.33257100e+00  6.25917687e+00 -1.36736578e+01 -6.48776882e+01  1.24186040e+02 -6.11168089e+00  6.55115487e+00  6.34223646e+00 -1.16532380e+01  3.19677628e+00  3.52698768e+00]
     [-8.76791577e+00  1.54169568e+01  0.00000000e+00 -6.12844639e+00 -1.41298341e+00  4.78336465e+00  1.02076568e+00 -1.48238144e+00  2.28843814e+00 -6.11168089e+00  3.19615579e+01 -5.86328525e+01  1.01442926e-01 -5.16576848e-01  1.34234640e-01  9.44865345e-01]
     [ 1.63558547e+01 -2.94566590e+01  6.12844639e+00  0.00000000e+00  6.89909041e+00 -1.75758368e+01 -1.64291101e+00  3.11547877e+00 -1.25342372e+00  6.55115487e+00 -5.86328525e+01  1.11823277e+02  5.37585024e-01  2.54404122e-01 -2.14322913e+00  1.64682804e+00]
     [-3.04346860e+00  4.64457466e+00  1.41298341e+00 -6.89909041e+00  0.00000000e+00 -5.45721083e+00  3.08104729e+00 -6.58336971e+00 -4.23570407e+00  6.34223646e+00  1.01442926e-01  5.37585024e-01  3.11337994e+01 -5.76763236e+01  2.83742807e-01  1.94821735e+00]
     [ 5.70521485e+00 -9.33257100e+00 -4.78336465e+00  1.75758368e+01  5.45721083e+00  0.00000000e+00 -5.09018421e+00  1.14679644e+01  7.64857721e+00 -1.16532380e+01 -5.16576848e-01  2.54404122e-01 -5.76763236e+01  1.10819557e+02 -2.18746234e+00 -5.83938029e-01]
     [ 2.61268899e+00 -6.25917687e+00 -1.02076568e+00  1.64291101e+00 -3.08104729e+00  5.09018421e+00  0.00000000e+00 -2.77465087e+00 -2.13730891e+00  3.19677628e+00  1.34234640e-01 -2.14322913e+00  2.83742807e-01 -2.18746234e+00  1.40392966e+01 -2.48462118e+01]
     [-5.24353269e+00  1.36736578e+01  1.48238144e+00 -3.11547877e+00  6.58336971e+00 -1.14679644e+01  2.77465087e+00  0.00000000e+00 -1.04371718e+00  3.52698768e+00  9.44865345e-01  1.64682804e+00  1.94821735e+00 -5.83938029e-01 -2.48462118e+01  4.73014679e+01]]
    eigvals of hessian_by_M_M: [  0.27211959   0.27211959   0.43683159   0.43683159   0.62517801   0.62517801   0.90234414   0.90234414  55.43846538  55.43846538  96.87959349  96.87959349 158.73514368 158.73514368 193.34984477 193.34984477]
SNAG:
    iter_times, elapsed_time, sqdiff: 300, 0.6645729541778564, 2.854736819176706
    MSN: Tensor(
        [[-0.04778608+0.67733984j -0.47061949-0.56819641j  0.2503504 +0.11524975j -0.2001418 +0.00994734j]
         [-0.02420813+0.53341941j -0.42381888-0.04233864j -0.52202582-0.57406176j -0.40222679-1.34028503j]
         [ 0.8441705 +0.04697364j -0.8728845 +0.52765268j  0.52879197-0.55899966j  0.66109134+0.30666981j]
         [-0.60660145+0.58397866j  0.02075813-1.02406322j  0.37884237+0.43879372j -0.02569367+0.19026153j]]
        labels=['kl', 'kr'],
        shape=(4, 4),
    )
    grad_by_reM_reM: Tensor(
        [ 4.03010958e-14-8.88178420e-16j -5.29576383e-14+8.18789481e-16j -2.63677968e-14+8.88178420e-16j  3.20854454e-14-1.66533454e-16j  3.33066907e-16-5.55111512e-17j -7.88258347e-15-3.33066907e-16j -2.87547763e-14+4.44089210e-16j  1.11022302e-15-2.22044605e-16j]
        labels=[('kl', 'hxdXinhe')],
        shape=(8,),
    )
    grad_by_imM_imM: Tensor(
        [-4.91273688e-14-7.77156117e-16j  4.64212002e-14+3.33066907e-16j  7.57727214e-15-1.05471187e-15j -2.12052598e-14+2.22044605e-15j  1.98174810e-14+3.33066907e-16j -4.21884749e-14-1.44328993e-15j  4.81836793e-14+9.99200722e-16j -5.17363929e-14-1.11022302e-15j]
        labels=[('kl', 'hxdXinhe')],
        shape=(8,),
    )
    hessian_by_M_M: [[ 3.09501714e+01 -3.42733644e+01  2.46061472e+00  2.77531739e+00 -1.63203157e+00  5.44641805e+00 -1.99007853e-02  1.76271978e+00  0.00000000e+00  1.30617543e+01 -9.78288639e+00  8.47501863e+00 -8.71053529e+00  1.10387262e+01  7.67865386e+00 -3.30706716e+00]
     [-3.42733644e+01  5.36962216e+01 -8.74160192e+00  7.59474938e-01 -2.90227595e+00 -1.59045395e+00  2.81812585e+00 -4.00304825e+00 -1.30617543e+01  0.00000000e+00  1.08013857e+01 -1.03423510e+01  1.13095343e+01 -1.64315727e+01 -9.10400249e+00  5.63699141e+00]
     [ 2.46061472e+00 -8.74160192e+00  2.19663499e+01 -2.46557036e+01  3.18475419e+00 -3.88765145e+00 -1.66440061e+00 -4.81286405e-01  9.78288639e+00 -1.08013857e+01  0.00000000e+00  1.18121891e+01 -1.07198897e+00  2.43973106e+00  4.78534160e+00 -3.42632614e+00]
     [ 2.77531739e+00  7.59474938e-01 -2.46557036e+01  4.50596014e+01 -1.42829032e+00  3.83609766e+00  3.28983281e+00 -5.40707005e-02 -8.47501863e+00  1.03423510e+01 -1.18121891e+01  0.00000000e+00 -5.41076348e+00  7.62338877e+00 -4.59182623e+00  2.10489920e+00]
     [-1.63203157e+00 -2.90227595e+00  3.18475419e+00 -1.42829032e+00  3.25299068e+01 -4.11149161e+01 -7.02250361e+00  1.15814176e+01  8.71053529e+00 -1.13095343e+01  1.07198897e+00  5.41076348e+00  0.00000000e+00  1.19532572e+01  1.82655039e+00 -8.88913968e+00]
     [ 5.44641805e+00 -1.59045395e+00 -3.88765145e+00  3.83609766e+00 -4.11149161e+01  6.40255673e+01  6.53740512e+00 -1.17859743e+01 -1.10387262e+01  1.64315727e+01 -2.43973106e+00 -7.62338877e+00 -1.19532572e+01  0.00000000e+00 -1.26053764e+00  6.98510338e+00]
     [-1.99007853e-02  2.81812585e+00 -1.66440061e+00  3.28983281e+00 -7.02250361e+00  6.53740512e+00  1.88119540e+01 -2.43179343e+01 -7.67865386e+00  9.10400249e+00 -4.78534160e+00  4.59182623e+00 -1.82655039e+00  1.26053764e+00  0.00000000e+00  3.23993919e+00]
     [ 1.76271978e+00 -4.00304825e+00 -4.81286405e-01 -5.40707005e-02  1.15814176e+01 -1.17859743e+01 -2.43179343e+01  4.35871625e+01  3.30706716e+00 -5.63699141e+00  3.42632614e+00 -2.10489920e+00  8.88913968e+00 -6.98510338e+00 -3.23993919e+00  0.00000000e+00]
     [ 0.00000000e+00 -1.30617543e+01  9.78288639e+00 -8.47501863e+00  8.71053529e+00 -1.10387262e+01 -7.67865386e+00  3.30706716e+00  3.09501714e+01 -3.42733644e+01  2.46061472e+00  2.77531739e+00 -1.63203157e+00  5.44641805e+00 -1.99007853e-02  1.76271978e+00]
     [ 1.30617543e+01  0.00000000e+00 -1.08013857e+01  1.03423510e+01 -1.13095343e+01  1.64315727e+01  9.10400249e+00 -5.63699141e+00 -3.42733644e+01  5.36962216e+01 -8.74160192e+00  7.59474938e-01 -2.90227595e+00 -1.59045395e+00  2.81812585e+00 -4.00304825e+00]
     [-9.78288639e+00  1.08013857e+01  0.00000000e+00 -1.18121891e+01  1.07198897e+00 -2.43973106e+00 -4.78534160e+00  3.42632614e+00  2.46061472e+00 -8.74160192e+00  2.19663499e+01 -2.46557036e+01  3.18475419e+00 -3.88765145e+00 -1.66440061e+00 -4.81286405e-01]
     [ 8.47501863e+00 -1.03423510e+01  1.18121891e+01  0.00000000e+00  5.41076348e+00 -7.62338877e+00  4.59182623e+00 -2.10489920e+00  2.77531739e+00  7.59474938e-01 -2.46557036e+01  4.50596014e+01 -1.42829032e+00  3.83609766e+00  3.28983281e+00 -5.40707005e-02]
     [-8.71053529e+00  1.13095343e+01 -1.07198897e+00 -5.41076348e+00  0.00000000e+00 -1.19532572e+01 -1.82655039e+00  8.88913968e+00 -1.63203157e+00 -2.90227595e+00  3.18475419e+00 -1.42829032e+00  3.25299068e+01 -4.11149161e+01 -7.02250361e+00  1.15814176e+01]
     [ 1.10387262e+01 -1.64315727e+01  2.43973106e+00  7.62338877e+00  1.19532572e+01  0.00000000e+00  1.26053764e+00 -6.98510338e+00  5.44641805e+00 -1.59045395e+00 -3.88765145e+00  3.83609766e+00 -4.11149161e+01  6.40255673e+01  6.53740512e+00 -1.17859743e+01]
     [ 7.67865386e+00 -9.10400249e+00  4.78534160e+00 -4.59182623e+00  1.82655039e+00 -1.26053764e+00  0.00000000e+00 -3.23993919e+00 -1.99007853e-02  2.81812585e+00 -1.66440061e+00  3.28983281e+00 -7.02250361e+00  6.53740512e+00  1.88119540e+01 -2.43179343e+01]
     [-3.30706716e+00  5.63699141e+00 -3.42632614e+00  2.10489920e+00 -8.88913968e+00  6.98510338e+00  3.23993919e+00  0.00000000e+00  1.76271978e+00 -4.00304825e+00 -4.81286405e-01 -5.40707005e-02  1.15814176e+01 -1.17859743e+01 -2.43179343e+01  4.35871625e+01]]
    eigvals of hessian_by_M_M: [  1.44126579   1.44126579   2.24129153   2.24129153   2.80530614   2.80530614   5.10745743   5.10745743  36.33109028  36.33109028  60.18755248  60.18755248  74.67376336  74.67376336 127.83920786 127.83920786]
SSpiral(8):
    iter_times, elapsed_time, sqdiff: 300, 0.9804410934448242, 2.854736819176704
    MSN: Tensor(
        [[-0.04778608+0.67733984j -0.47061949-0.56819641j  0.2503504 +0.11524975j -0.2001418 +0.00994734j]
         [-0.02420813+0.53341941j -0.42381888-0.04233864j -0.52202582-0.57406176j -0.40222679-1.34028503j]
         [ 0.8441705 +0.04697364j -0.8728845 +0.52765268j  0.52879197-0.55899966j  0.66109134+0.30666981j]
         [-0.60660145+0.58397866j  0.02075813-1.02406322j  0.37884237+0.43879372j -0.02569367+0.19026153j]]
        labels=['kl', 'kr'],
        shape=(4, 4),
    )
    grad_by_reM_reM: Tensor(
        [ 5.05151476e-15-8.32667268e-17j -3.41393580e-15+1.05471187e-15j -1.41553436e-15+8.32667268e-17j -2.22044605e-15+1.38777878e-16j -3.52495810e-15-8.67361738e-19j  1.50990331e-14-7.77156117e-16j -9.21485110e-15+3.88578059e-16j  1.12410081e-14+1.55431223e-15j]
        labels=[('kl', 'hxdXinhe')],
        shape=(8,),
    )
    grad_by_imM_imM: Tensor(
        [-5.55111512e-16+5.55111512e-17j -2.18158824e-14-9.71445147e-16j -4.05231404e-15+2.77555756e-17j  8.04911693e-16-4.71844785e-16j -3.80858539e-15-8.32667268e-17j  2.52020627e-14+7.77156117e-16j -6.52256027e-16+7.77156117e-16j  1.06026299e-14-2.02615702e-15j]
        labels=[('kl', 'hxdXinhe')],
        shape=(8,),
    )
    hessian_by_M_M: [[ 3.96108651e+00 -4.08258939e+00  3.26126486e-01 -4.12626828e+00 -2.95853411e-01 -2.24223418e+00  6.92360817e-02  3.37362271e-01  0.00000000e+00 -1.00865790e+01 -1.17175812e+00  1.00209582e+00 -8.79269155e-01 -2.00863381e-01  1.31912746e+00 -4.51413279e+00]
     [-4.08258939e+00  6.35002553e+01  5.21937713e+00 -9.67340690e+00  3.57510567e+00 -3.25233962e+00 -2.92870370e+00  7.80704155e+00  1.00865790e+01  0.00000000e+00  4.68574539e-01 -1.01701804e+01 -8.78541738e-01 -1.03556526e+01 -2.40501825e-01  7.73941619e+00]
     [ 3.26126486e-01  5.21937713e+00  2.77233836e+00 -3.87924006e+00  3.39032202e-01 -8.31573850e-01 -2.91591177e-01  2.25402747e+00  1.17175812e+00 -4.68574539e-01  0.00000000e+00 -8.14764176e+00 -4.22849873e-01 -1.40877882e+00  6.67950447e-01 -6.15473870e-01]
     [-4.12626828e+00 -9.67340690e+00 -3.87924006e+00  6.61283137e+01 -3.74600804e-01  1.01979978e+01 -1.74772853e+00  2.98188203e+00 -1.00209582e+00  1.01701804e+01  8.14764176e+00  0.00000000e+00  4.03380055e+00  7.62563528e+00 -6.57986009e-01  5.86197417e-01]
     [-2.95853411e-01  3.57510567e+00  3.39032202e-01 -3.74600804e-01  3.67225352e+00 -1.51948869e-01 -6.36876935e-01 -2.80495757e+00  8.79269155e-01  8.78541738e-01  4.22849873e-01 -4.03380055e+00  0.00000000e+00 -8.63201116e+00  6.09040808e-02  4.72599450e+00]
     [-2.24223418e+00 -3.25233962e+00 -8.31573850e-01  1.01979978e+01 -1.51948869e-01  4.88536005e+01  8.54593224e-01 -3.76820939e+00  2.00863381e-01  1.03556526e+01  1.40877882e+00 -7.62563528e+00  8.63201116e+00  0.00000000e+00 -6.68041594e-01 -1.10503402e+01]
     [ 6.92360817e-02 -2.92870370e+00 -2.91591177e-01 -1.74772853e+00 -6.36876935e-01  8.54593224e-01  2.43142601e+00 -1.83356169e+00 -1.31912746e+00  2.40501825e-01 -6.67950447e-01  6.57986009e-01 -6.09040808e-02  6.68041594e-01  0.00000000e+00 -2.38358399e+00]
     [ 3.37362271e-01  7.80704155e+00  2.25402747e+00  2.98188203e+00 -2.80495757e+00 -3.76820939e+00 -1.83356169e+00  4.14324787e+01  4.51413279e+00 -7.73941619e+00  6.15473870e-01 -5.86197417e-01 -4.72599450e+00  1.10503402e+01  2.38358399e+00  0.00000000e+00]
     [ 0.00000000e+00  1.00865790e+01  1.17175812e+00 -1.00209582e+00  8.79269155e-01  2.00863381e-01 -1.31912746e+00  4.51413279e+00  3.96108651e+00 -4.08258939e+00  3.26126486e-01 -4.12626828e+00 -2.95853411e-01 -2.24223418e+00  6.92360817e-02  3.37362271e-01]
     [-1.00865790e+01  0.00000000e+00 -4.68574539e-01  1.01701804e+01  8.78541738e-01  1.03556526e+01  2.40501825e-01 -7.73941619e+00 -4.08258939e+00  6.35002553e+01  5.21937713e+00 -9.67340690e+00  3.57510567e+00 -3.25233962e+00 -2.92870370e+00  7.80704155e+00]
     [-1.17175812e+00  4.68574539e-01  0.00000000e+00  8.14764176e+00  4.22849873e-01  1.40877882e+00 -6.67950447e-01  6.15473870e-01  3.26126486e-01  5.21937713e+00  2.77233836e+00 -3.87924006e+00  3.39032202e-01 -8.31573850e-01 -2.91591177e-01  2.25402747e+00]
     [ 1.00209582e+00 -1.01701804e+01 -8.14764176e+00  0.00000000e+00 -4.03380055e+00 -7.62563528e+00  6.57986009e-01 -5.86197417e-01 -4.12626828e+00 -9.67340690e+00 -3.87924006e+00  6.61283137e+01 -3.74600804e-01  1.01979978e+01 -1.74772853e+00  2.98188203e+00]
     [-8.79269155e-01 -8.78541738e-01 -4.22849873e-01  4.03380055e+00  0.00000000e+00  8.63201116e+00 -6.09040808e-02 -4.72599450e+00 -2.95853411e-01  3.57510567e+00  3.39032202e-01 -3.74600804e-01  3.67225352e+00 -1.51948869e-01 -6.36876935e-01 -2.80495757e+00]
     [-2.00863381e-01 -1.03556526e+01 -1.40877882e+00  7.62563528e+00 -8.63201116e+00  0.00000000e+00  6.68041594e-01  1.10503402e+01 -2.24223418e+00 -3.25233962e+00 -8.31573850e-01  1.01979978e+01 -1.51948869e-01  4.88536005e+01  8.54593224e-01 -3.76820939e+00]
     [ 1.31912746e+00 -2.40501825e-01  6.67950447e-01 -6.57986009e-01  6.09040808e-02 -6.68041594e-01  0.00000000e+00  2.38358399e+00  6.92360817e-02 -2.92870370e+00 -2.91591177e-01 -1.74772853e+00 -6.36876935e-01  8.54593224e-01  2.43142601e+00 -1.83356169e+00]
     [-4.51413279e+00  7.73941619e+00 -6.15473870e-01  5.86197417e-01  4.72599450e+00 -1.10503402e+01 -2.38358399e+00  0.00000000e+00  3.37362271e-01  7.80704155e+00  2.25402747e+00  2.98188203e+00 -2.80495757e+00 -3.76820939e+00 -1.83356169e+00  4.14324787e+01]]
    eigvals of hessian_by_M_M: [ 0.92430651  0.92430651  1.01640811  1.01640811  1.58844281  1.58844281  2.79854571  2.79854571 27.98489314 27.98489314 46.06557517 46.06557517 62.14113326 62.14113326 90.2324478  90.2324478 ]
SSpiral(11):
    iter_times, elapsed_time, sqdiff: 300, 1.0147602558135986, 2.8547368191767033
    MSN: Tensor(
        [[-0.04778608+0.67733984j -0.47061949-0.56819641j  0.2503504 +0.11524975j -0.2001418 +0.00994734j]
         [-0.02420813+0.53341941j -0.42381888-0.04233864j -0.52202582-0.57406176j -0.40222679-1.34028503j]
         [ 0.8441705 +0.04697364j -0.8728845 +0.52765268j  0.52879197-0.55899966j  0.66109134+0.30666981j]
         [-0.60660145+0.58397866j  0.02075813-1.02406322j  0.37884237+0.43879372j -0.02569367+0.19026153j]]
        labels=['kl', 'kr'],
        shape=(4, 4),
    )
    grad_by_reM_reM: Tensor(
        [-9.43689571e-15-2.77555756e-16j  5.88418203e-15+5.55111512e-17j  1.04360964e-14+2.77555756e-16j  3.44169138e-15-2.49800181e-16j -6.88338275e-15+1.55431223e-15j -5.44009282e-15+9.99200722e-16j -1.12687637e-14-4.44089210e-16j -5.44009282e-15+6.66133815e-16j]
        labels=[('kl', 'hxdXinhe')],
        shape=(8,),
    )
    grad_by_imM_imM: Tensor(
        [ 1.94844141e-14+7.77156117e-16j -7.82707232e-15-1.11022302e-16j  4.92661467e-15+1.88737914e-15j  2.66453526e-15+1.22124533e-15j -8.43769499e-15+3.33066907e-16j -2.22044605e-15+1.66533454e-15j -3.33066907e-15-2.27595720e-15j  0.00000000e+00+0.00000000e+00j]
        labels=[('kl', 'hxdXinhe')],
        shape=(8,),
    )
    hessian_by_M_M: [[ 54.61805888  -5.729213     0.56001989   4.14337525  -4.41509469   8.55554671   5.02668857   7.75934054   0.          13.9857177  -15.05511472   3.88549388  -9.20488747   5.73998503  17.81686318  -0.1114611 ]
     [ -5.729213    42.01401285 -18.7402004   -1.50272033  -7.6514587   -1.69382151   2.1989706   -7.52221135 -13.9857177    0.           5.43460512   0.64501202   3.72538679 -10.16374433 -10.29678818   3.60116151]
     [  0.56001989 -18.7402004   43.20468014   5.26933475   6.59165013  -0.22916956  -2.71229434  -0.66810193  15.05511472  -5.43460512   0.          11.17084132  -5.48624018  11.49356718   8.09539612  -3.03339096]
     [  4.14337525  -1.50272033   5.26933475  40.13858121   4.7017628   -1.17190545   7.24443491   0.81975037  -3.88549388  -0.64501202 -11.17084132   0.          -3.2303956    9.92490993  -5.45184608  -3.54581193]
     [ -4.41509469  -7.6514587    6.59165013   4.7017628   42.09304733 -15.15586588  -5.38539966   8.48843472   9.20488747  -3.72538679   5.48624018   3.2303956    0.          16.78459252  -5.53776563 -17.5669111 ]
     [  8.55554671  -1.69382151  -0.22916956  -1.17190545 -15.15586588  50.81962043   2.36342521  -4.21631419  -5.73998503  10.16374433 -11.49356718  -9.92490993 -16.78459252   0.           0.72840677   8.31565989]
     [  5.02668857   2.1989706   -2.71229434   7.24443491  -5.38539966   2.36342521  30.6967631   -5.38015332 -17.81686318  10.29678818  -8.09539612   5.45184608   5.53776563  -0.72840677   0.          -4.29986697]
     [  7.75934054  -7.52221135  -0.66810193   0.81975037   8.48843472  -4.21631419  -5.38015332  47.91126075   0.1114611   -3.60116151   3.03339096   3.54581193  17.5669111   -8.31565989   4.29986697   0.        ]
     [  0.         -13.9857177   15.05511472  -3.88549388   9.20488747  -5.73998503 -17.81686318   0.1114611   54.61805888  -5.729213     0.56001989   4.14337525  -4.41509469   8.55554671   5.02668857   7.75934054]
     [ 13.9857177    0.          -5.43460512  -0.64501202  -3.72538679  10.16374433  10.29678818  -3.60116151  -5.729213    42.01401285 -18.7402004   -1.50272033  -7.6514587   -1.69382151   2.1989706   -7.52221135]
     [-15.05511472   5.43460512   0.         -11.17084132   5.48624018 -11.49356718  -8.09539612   3.03339096   0.56001989 -18.7402004   43.20468014   5.26933475   6.59165013  -0.22916956  -2.71229434  -0.66810193]
     [  3.88549388   0.64501202  11.17084132   0.           3.2303956   -9.92490993   5.45184608   3.54581193   4.14337525  -1.50272033   5.26933475  40.13858121   4.7017628   -1.17190545   7.24443491   0.81975037]
     [ -9.20488747   3.72538679  -5.48624018  -3.2303956    0.         -16.78459252   5.53776563  17.5669111   -4.41509469  -7.6514587    6.59165013   4.7017628   42.09304733 -15.15586588  -5.38539966   8.48843472]
     [  5.73998503 -10.16374433  11.49356718   9.92490993  16.78459252   0.          -0.72840677  -8.31565989   8.55554671  -1.69382151  -0.22916956  -1.17190545 -15.15586588  50.81962043   2.36342521  -4.21631419]
     [ 17.81686318 -10.29678818   8.09539612  -5.45184608  -5.53776563   0.72840677   0.           4.29986697   5.02668857   2.1989706   -2.71229434   7.24443491  -5.38539966   2.36342521  30.6967631   -5.38015332]
     [ -0.1114611    3.60116151  -3.03339096  -3.54581193 -17.5669111    8.31565989  -4.29986697   0.           7.75934054  -7.52221135  -0.66810193   0.81975037   8.48843472  -4.21631419  -5.38015332  47.91126075]]
    eigvals of hessian_by_M_M: [ 10.22886552  10.22886552  17.69565198  17.69565198  18.22456333  18.22456333  31.0379934   31.0379934   42.85713045  42.85713045  50.45307291  50.45307291  73.90084763  73.90084763 107.09789949 107.09789949]
SSpiral(14):
    iter_times, elapsed_time, sqdiff: 300, 0.9846360683441162, 2.854736819176706
    MSN: Tensor(
        [[-0.04778608+0.67733984j -0.47061949-0.56819641j  0.2503504 +0.11524975j -0.2001418 +0.00994734j]
         [-0.02420813+0.53341941j -0.42381888-0.04233864j -0.52202582-0.57406176j -0.40222679-1.34028503j]
         [ 0.8441705 +0.04697364j -0.8728845 +0.52765268j  0.52879197-0.55899966j  0.66109134+0.30666981j]
         [-0.60660145+0.58397866j  0.02075813-1.02406322j  0.37884237+0.43879372j -0.02569367+0.19026153j]]
        labels=['kl', 'kr'],
        shape=(4, 4),
    )
    grad_by_reM_reM: Tensor(
        [-4.86277685e-14-2.22044605e-16j  4.13002965e-14+1.44328993e-15j -9.99200722e-16-1.08246745e-15j -1.30451205e-14+2.77555756e-16j -5.33462163e-14+1.16573418e-15j -1.27675648e-14+8.88178420e-16j -1.97619698e-14+3.33066907e-16j -5.36792832e-14-5.55111512e-16j]
        labels=[('kl', 'hxdXinhe')],
        shape=(8,),
    )
    grad_by_imM_imM: Tensor(
        [ 1.80966353e-14-6.66133815e-16j -5.14033260e-14+1.55431223e-15j -2.09832152e-14+7.77156117e-16j -1.50712776e-14-2.16493490e-15j -3.19189120e-14+7.21644966e-16j  5.55111512e-16-1.11022302e-16j  9.65894031e-15-9.99200722e-16j  2.58681965e-14-1.94289029e-15j]
        labels=[('kl', 'hxdXinhe')],
        shape=(8,),
    )
    hessian_by_M_M: [[ 55.30010296  -6.0578792    0.89725696   4.00148593  -4.2920465    8.76277765   5.05827617   8.32615226   0.          15.38274424 -16.00210658   3.56991944 -10.0064542    6.22561697  17.60760339   0.33691236]
     [ -6.0578792   44.19944462 -18.72805815  -2.05539635  -8.09392703  -1.79759685   2.20394077  -7.77744184 -15.38274424   0.           5.94962618   1.17149765   4.19854294 -10.39048765  -9.85331739   3.56923821]
     [  0.89725696 -18.72805815  43.21571877   5.00704779   6.95290571  -0.94018727  -2.75448401  -0.4540395   16.00210658  -5.94962618   0.          13.00620827  -5.40696853  11.17913541   8.51684299  -2.70192368]
     [  4.00148593  -2.05539635   5.00704779  42.9455619    5.37116177  -1.2270544    6.85334614   1.06041099  -3.56991944  -1.17149765 -13.00620827   0.          -3.90366234  10.78904791  -5.58147926  -4.11071301]
     [ -4.2920465   -8.09392703   6.95290571   5.37116177  43.75889338 -16.47841781  -6.35761843   9.03632254  10.0064542   -4.19854294   5.40696853   3.90366234   0.          18.26754686  -5.19998087 -18.15795386]
     [  8.76277765  -1.79759685  -0.94018727  -1.2270544  -16.47841781  52.91212522   2.76090809  -3.98808998  -6.22561697  10.39048765 -11.17913541 -10.78904791 -18.26754686   0.           0.34093058   8.3655668 ]
     [  5.05827617   2.20394077  -2.75448401   6.85334614  -6.35761843   2.76090809  30.27670282  -5.85469714 -17.60760339   9.85331739  -8.51684299   5.58147926   5.19998087  -0.34093058   0.          -2.90446819]
     [  8.32615226  -7.77744184  -0.4540395    1.06041099   9.03632254  -3.98808998  -5.85469714  50.79990716  -0.33691236  -3.56923821   2.70192368   4.11071301  18.15795386  -8.3655668    2.90446819   0.        ]
     [  0.         -15.38274424  16.00210658  -3.56991944  10.0064542   -6.22561697 -17.60760339  -0.33691236  55.30010296  -6.0578792    0.89725696   4.00148593  -4.2920465    8.76277765   5.05827617   8.32615226]
     [ 15.38274424   0.          -5.94962618  -1.17149765  -4.19854294  10.39048765   9.85331739  -3.56923821  -6.0578792   44.19944462 -18.72805815  -2.05539635  -8.09392703  -1.79759685   2.20394077  -7.77744184]
     [-16.00210658   5.94962618   0.         -13.00620827   5.40696853 -11.17913541  -8.51684299   2.70192368   0.89725696 -18.72805815  43.21571877   5.00704779   6.95290571  -0.94018727  -2.75448401  -0.4540395 ]
     [  3.56991944   1.17149765  13.00620827   0.           3.90366234 -10.78904791   5.58147926   4.11071301   4.00148593  -2.05539635   5.00704779  42.9455619    5.37116177  -1.2270544    6.85334614   1.06041099]
     [-10.0064542    4.19854294  -5.40696853  -3.90366234   0.         -18.26754686   5.19998087  18.15795386  -4.2920465   -8.09392703   6.95290571   5.37116177  43.75889338 -16.47841781  -6.35761843   9.03632254]
     [  6.22561697 -10.39048765  11.17913541  10.78904791  18.26754686   0.          -0.34093058  -8.3655668    8.76277765  -1.79759685  -0.94018727  -1.2270544  -16.47841781  52.91212522   2.76090809  -3.98808998]
     [ 17.60760339  -9.85331739   8.51684299  -5.58147926  -5.19998087   0.34093058   0.           2.90446819   5.05827617   2.20394077  -2.75448401   6.85334614  -6.35761843   2.76090809  30.27670282  -5.85469714]
     [  0.33691236   3.56923821  -2.70192368  -4.11071301 -18.15795386   8.3655668   -2.90446819   0.           8.32615226  -7.77744184  -0.4540395    1.06041099   9.03632254  -3.98808998  -5.85469714  50.79990716]]
    eigvals of hessian_by_M_M: [ 10.29652848  10.29652848  17.65168622  17.65168622  18.18767853  18.18767853  32.61765442  32.61765442  43.62421709  43.62421709  53.58203683  53.58203683  76.01945675  76.01945675 111.4291985  111.4291985 ]
SSpiral(17):
    iter_times, elapsed_time, sqdiff: 300, 0.9817500114440918, 2.8547368191767055
    MSN: Tensor(
        [[-0.04778608+0.67733984j -0.47061949-0.56819641j  0.2503504 +0.11524975j -0.2001418 +0.00994734j]
         [-0.02420813+0.53341941j -0.42381888-0.04233864j -0.52202582-0.57406176j -0.40222679-1.34028503j]
         [ 0.8441705 +0.04697364j -0.8728845 +0.52765268j  0.52879197-0.55899966j  0.66109134+0.30666981j]
         [-0.60660145+0.58397866j  0.02075813-1.02406322j  0.37884237+0.43879372j -0.02569367+0.19026153j]]
        labels=['kl', 'kr'],
        shape=(4, 4),
    )
    grad_by_reM_reM: Tensor(
        [ 6.88338275e-15-1.55431223e-15j  5.16253706e-14+5.55111512e-17j -8.88178420e-15+3.74700271e-16j -1.69309011e-14+2.04697370e-15j -3.53606033e-14-2.22044605e-16j -2.03170814e-14+7.77156117e-16j -2.95319325e-14-4.44089210e-16j -4.18554080e-14+3.33066907e-16j]
        labels=[('kl', 'hxdXinhe')],
        shape=(8,),
    )
    grad_by_imM_imM: Tensor(
        [ 4.87387908e-14+4.44089210e-16j -1.23789867e-14-5.55111512e-16j -2.16354712e-14-5.55111512e-16j -1.11646803e-14-5.55111512e-17j -2.22044605e-14+5.55111512e-17j  2.94209102e-14+1.11022302e-16j  1.28785871e-14-4.44089210e-16j  1.67643677e-14+4.44089210e-16j]
        labels=[('kl', 'hxdXinhe')],
        shape=(8,),
    )
    hessian_by_M_M: [[ 56.42863768  -9.45597995   1.29510928   3.76936737  -4.58377785   8.91988573   4.57776916   9.56107022   0.          12.01731485 -15.72943666   4.39535844  -9.81264766   7.01802845  18.80452433  -1.07977257]
     [ -9.45597995  46.29038095 -19.36226768  -1.23356193  -7.51769588  -2.05509637   1.83977091  -9.26733509 -12.01731485   0.           5.92637361   1.6815024    4.3919018  -10.84470253 -11.46981108   4.68280072]
     [  1.29510928 -19.36226768  43.69164896   2.70401604   6.43552699  -0.39590591  -3.11403619  -0.32003344  15.72943666  -5.92637361   0.           9.46499581  -6.03254621  11.65473842   8.64875643  -3.1211352 ]
     [  3.76936737  -1.23356193   2.70401604  43.88283932   5.24370736  -2.21276803   7.48312896   0.6153773   -4.39535844  -1.6815024   -9.46499581   0.          -3.43344285  10.68640005  -5.90879147  -4.18141757]
     [ -4.58377785  -7.51769588   6.43552699   5.24370736  44.50755408 -19.68195908  -5.94057074   8.98474022   9.81264766  -4.3919018    6.03254621   3.43344285   0.          15.72247002  -4.78841321 -18.97245686]
     [  8.91988573  -2.05509637  -0.39590591  -2.21276803 -19.68195908  56.35137345   3.07644362  -4.05334523  -7.01802845  10.84470253 -11.65473842 -10.68640005 -15.72247002   0.           0.18747678  10.11565009]
     [  4.57776916   1.83977091  -3.11403619   7.48312896  -5.94057074   3.07644362  32.14015109  -9.09364874 -18.80452433  11.46981108  -8.64875643   5.90879147   4.78841321  -0.18747678   0.          -6.41986322]
     [  9.56107022  -9.26733509  -0.32003344   0.6153773    8.98474022  -4.05334523  -9.09364874  54.82500574   1.07977257  -4.68280072   3.1211352    4.18141757  18.97245686 -10.11565009   6.41986322   0.        ]
     [  0.         -12.01731485  15.72943666  -4.39535844   9.81264766  -7.01802845 -18.80452433   1.07977257  56.42863768  -9.45597995   1.29510928   3.76936737  -4.58377785   8.91988573   4.57776916   9.56107022]
     [ 12.01731485   0.          -5.92637361  -1.6815024   -4.3919018   10.84470253  11.46981108  -4.68280072  -9.45597995  46.29038095 -19.36226768  -1.23356193  -7.51769588  -2.05509637   1.83977091  -9.26733509]
     [-15.72943666   5.92637361   0.          -9.46499581   6.03254621 -11.65473842  -8.64875643   3.1211352    1.29510928 -19.36226768  43.69164896   2.70401604   6.43552699  -0.39590591  -3.11403619  -0.32003344]
     [  4.39535844   1.6815024    9.46499581   0.           3.43344285 -10.68640005   5.90879147   4.18141757   3.76936737  -1.23356193   2.70401604  43.88283932   5.24370736  -2.21276803   7.48312896   0.6153773 ]
     [ -9.81264766   4.3919018   -6.03254621  -3.43344285   0.         -15.72247002   4.78841321  18.97245686  -4.58377785  -7.51769588   6.43552699   5.24370736  44.50755408 -19.68195908  -5.94057074   8.98474022]
     [  7.01802845 -10.84470253  11.65473842  10.68640005  15.72247002   0.          -0.18747678 -10.11565009   8.91988573  -2.05509637  -0.39590591  -2.21276803 -19.68195908  56.35137345   3.07644362  -4.05334523]
     [ 18.80452433 -11.46981108   8.64875643  -5.90879147  -4.78841321   0.18747678   0.           6.41986322   4.57776916   1.83977091  -3.11403619   7.48312896  -5.94057074   3.07644362  32.14015109  -9.09364874]
     [ -1.07977257   4.68280072  -3.1211352   -4.18141757 -18.97245686  10.11565009  -6.41986322   0.           9.56107022  -9.26733509  -0.32003344   0.6153773    8.98474022  -4.05334523  -9.09364874  54.82500574]]
    eigvals of hessian_by_M_M: [ 10.4643091   10.4643091   19.44028639  19.44028639  20.1270485   20.1270485   33.06061098  33.06061098  45.05912044  45.05912044  53.67692976  53.67692976  82.65883331  82.65883331 113.63045279 113.63045279]
SSpiral(20):
    iter_times, elapsed_time, sqdiff: 300, 1.003046989440918, 2.854736819176704
    MSN: Tensor(
        [[-0.04778608+0.67733984j -0.47061949-0.56819641j  0.2503504 +0.11524975j -0.2001418 +0.00994734j]
         [-0.02420813+0.53341941j -0.42381888-0.04233864j -0.52202582-0.57406176j -0.40222679-1.34028503j]
         [ 0.8441705 +0.04697364j -0.8728845 +0.52765268j  0.52879197-0.55899966j  0.66109134+0.30666981j]
         [-0.60660145+0.58397866j  0.02075813-1.02406322j  0.37884237+0.43879372j -0.02569367+0.19026153j]]
        labels=['kl', 'kr'],
        shape=(4, 4),
    )
    grad_by_reM_reM: Tensor(
        [-5.48450174e-14-2.22044605e-16j  1.30229161e-13+7.21644966e-16j  6.55031585e-15+1.73472348e-16j  1.99840144e-15-4.26048086e-15j -1.12132525e-14+3.88578059e-16j -3.63042929e-14+2.33146835e-15j  1.74860126e-14+1.11022302e-16j -1.24344979e-13+8.88178420e-16j]
        labels=[('kl', 'hxdXinhe')],
        shape=(8,),
    )
    grad_by_imM_imM: Tensor(
        [ 3.33066907e-16+6.66133815e-16j  6.92224056e-14-5.55111512e-16j  1.09842690e-14+1.11022302e-15j -6.09373663e-14-3.33066907e-16j -7.27196081e-15+1.55431223e-15j -7.48290319e-14+1.44328993e-15j  3.47499807e-14+1.38777878e-15j -1.14575016e-13+6.66133815e-16j]
        labels=[('kl', 'hxdXinhe')],
        shape=(8,),
    )
    hessian_by_M_M: [[ 5.45970545e+01 -8.25800221e+00  9.83431802e-01  4.37450641e+00 -4.44445585e+00  9.69087260e+00  4.64316757e+00  9.72111197e+00  0.00000000e+00  1.39140287e+01 -1.50959284e+01  4.47983468e+00 -9.32876959e+00  6.91244975e+00  1.81045181e+01 -8.88041241e-01]
     [-8.25800221e+00  5.43341490e+01 -2.10510388e+01 -1.68031369e+00 -8.34435127e+00 -2.33043473e+00  2.37491462e+00 -1.04576683e+01 -1.39140287e+01  0.00000000e+00  5.79356608e+00  1.62274877e+00  4.29635407e+00 -1.28542327e+01 -1.19800704e+01  5.15370120e+00]
     [ 9.83431802e-01 -2.10510388e+01  4.26358769e+01  4.46141479e+00  6.32942622e+00 -4.62712650e-02 -2.90880841e+00 -5.86809512e-01  1.50959284e+01 -5.79356608e+00  0.00000000e+00  1.07561511e+01 -5.73380039e+00  1.26946167e+01  8.24725192e+00 -3.35459180e+00]
     [ 4.37450641e+00 -1.68031369e+00  4.46141479e+00  5.17373427e+01  5.55868607e+00 -2.20875782e+00  8.22329849e+00  8.70000207e-01 -4.47983468e+00 -1.62274877e+00 -1.07561511e+01  0.00000000e+00 -3.55645142e+00  1.27041423e+01 -6.08744640e+00 -4.84153819e+00]
     [-4.44445585e+00 -8.34435127e+00  6.32942622e+00  5.55868607e+00  4.26095400e+01 -1.90527510e+01 -5.53887397e+00  9.20920752e+00  9.32876959e+00 -4.29635407e+00  5.73380039e+00  3.55645142e+00  0.00000000e+00  1.77976369e+01 -4.98817285e+00 -2.03505503e+01]
     [ 9.69087260e+00 -2.33043473e+00 -4.62712650e-02 -2.20875782e+00 -1.90527510e+01  6.59567214e+01  3.01006669e+00 -4.96649066e+00 -6.91244975e+00  1.28542327e+01 -1.26946167e+01 -1.27041423e+01 -1.77976369e+01  0.00000000e+00  4.84861534e-01  1.14408574e+01]
     [ 4.64316757e+00  2.37491462e+00 -2.90880841e+00  8.22329849e+00 -5.53887397e+00  3.01006669e+00  3.10173806e+01 -8.33419955e+00 -1.81045181e+01  1.19800704e+01 -8.24725192e+00  6.08744640e+00  4.98817285e+00 -4.84861534e-01  0.00000000e+00 -6.21559755e+00]
     [ 9.72111197e+00 -1.04576683e+01 -5.86809512e-01  8.70000207e-01  9.20920752e+00 -4.96649066e+00 -8.33419955e+00  6.35484686e+01  8.88041241e-01 -5.15370120e+00  3.35459180e+00  4.84153819e+00  2.03505503e+01 -1.14408574e+01  6.21559755e+00  0.00000000e+00]
     [ 0.00000000e+00 -1.39140287e+01  1.50959284e+01 -4.47983468e+00  9.32876959e+00 -6.91244975e+00 -1.81045181e+01  8.88041241e-01  5.45970545e+01 -8.25800221e+00  9.83431802e-01  4.37450641e+00 -4.44445585e+00  9.69087260e+00  4.64316757e+00  9.72111197e+00]
     [ 1.39140287e+01  0.00000000e+00 -5.79356608e+00 -1.62274877e+00 -4.29635407e+00  1.28542327e+01  1.19800704e+01 -5.15370120e+00 -8.25800221e+00  5.43341490e+01 -2.10510388e+01 -1.68031369e+00 -8.34435127e+00 -2.33043473e+00  2.37491462e+00 -1.04576683e+01]
     [-1.50959284e+01  5.79356608e+00  0.00000000e+00 -1.07561511e+01  5.73380039e+00 -1.26946167e+01 -8.24725192e+00  3.35459180e+00  9.83431802e-01 -2.10510388e+01  4.26358769e+01  4.46141479e+00  6.32942622e+00 -4.62712650e-02 -2.90880841e+00 -5.86809512e-01]
     [ 4.47983468e+00  1.62274877e+00  1.07561511e+01  0.00000000e+00  3.55645142e+00 -1.27041423e+01  6.08744640e+00  4.84153819e+00  4.37450641e+00 -1.68031369e+00  4.46141479e+00  5.17373427e+01  5.55868607e+00 -2.20875782e+00  8.22329849e+00  8.70000207e-01]
     [-9.32876959e+00  4.29635407e+00 -5.73380039e+00 -3.55645142e+00  0.00000000e+00 -1.77976369e+01  4.98817285e+00  2.03505503e+01 -4.44445585e+00 -8.34435127e+00  6.32942622e+00  5.55868607e+00  4.26095400e+01 -1.90527510e+01 -5.53887397e+00  9.20920752e+00]
     [ 6.91244975e+00 -1.28542327e+01  1.26946167e+01  1.27041423e+01  1.77976369e+01  0.00000000e+00 -4.84861534e-01 -1.14408574e+01  9.69087260e+00 -2.33043473e+00 -4.62712650e-02 -2.20875782e+00 -1.90527510e+01  6.59567214e+01  3.01006669e+00 -4.96649066e+00]
     [ 1.81045181e+01 -1.19800704e+01  8.24725192e+00 -6.08744640e+00 -4.98817285e+00  4.84861534e-01  0.00000000e+00  6.21559755e+00  4.64316757e+00  2.37491462e+00 -2.90880841e+00  8.22329849e+00 -5.53887397e+00  3.01006669e+00  3.10173806e+01 -8.33419955e+00]
     [-8.88041241e-01  5.15370120e+00 -3.35459180e+00 -4.84153819e+00 -2.03505503e+01  1.14408574e+01 -6.21559755e+00  0.00000000e+00  9.72111197e+00 -1.04576683e+01 -5.86809512e-01  8.70000207e-01  9.20920752e+00 -4.96649066e+00 -8.33419955e+00  6.35484686e+01]]
    eigvals of hessian_by_M_M: [ 10.80548702  10.80548702  19.66655444  19.66655444  20.96361993  20.96361993  37.23118103  37.23118103  47.5616275   47.5616275   60.95583952  60.95583952  88.82877265  88.82877265 120.42345167 120.42345167]
