b=4, chi=2, seed=185, 
NOR:
    iter_times, elapsed_time, sqdiff: 300, 0.6839981079101562, 4.8344958480740265
    MSN: Tensor(
        [[ 0.23101017-0.5683292j  -0.97210023-0.19413676j  0.52152384-0.8040609j   0.40620023-0.32261616j]
         [-1.31151801+0.00301399j  0.1373371 +0.62185819j -0.32335202+0.1302673j  -0.96167379+0.14549135j]
         [ 0.10310514-0.10575296j  0.69460687+0.45838115j -0.92132119+0.49447014j -0.24189307-0.37578198j]
         [ 0.95349698-1.11468151j  0.51917548-1.10429732j  0.31530537+1.2627572j  -0.00767203-0.66200434j]]
        labels=['kl', 'kr'],
        shape=(4, 4),
    )
    grad_by_reM_reM: Tensor(
        [-2.77555756e-16+2.01227923e-16j -1.18099974e-14+0.00000000e+00j  9.15933995e-16-5.55111512e-17j -6.32827124e-15-1.49880108e-15j  2.30371278e-15-3.44169138e-15j  9.57567359e-15-3.16413562e-15j  1.98174810e-14-1.44328993e-15j -1.13173360e-14-3.33066907e-16j]
        labels=[('kl', 'EVRnVbHk')],
        shape=(8,),
    )
    grad_by_imM_imM: Tensor(
        [ 4.90579799e-15+2.49800181e-15j -3.10862447e-15+1.76247905e-15j  2.16493490e-15+1.94289029e-15j -4.82947016e-15-1.66533454e-15j -3.09752224e-14+1.85962357e-15j  8.49320614e-15+6.38378239e-16j -5.66213743e-15-1.66533454e-16j -5.21804822e-15-9.22872889e-16j]
        labels=[('kl', 'EVRnVbHk')],
        shape=(8,),
    )
    hessian_by_M_M: [[ 5.65393534e+01  1.58445377e+01  9.07910122e+00 -1.14140591e+01  5.52618563e+00  7.52564067e+00  6.62280654e+00  7.57972699e+00  0.00000000e+00  1.58886508e+01  3.19336599e+00  5.85826183e+00  6.03179244e+00 -6.30544041e-01  1.89888827e+00  1.70323568e+00]
     [ 1.58445377e+01  4.84665424e+01 -2.84659980e+00  5.32445984e+00 -8.92225034e+00  6.46495303e+00  6.98553830e+00  1.35187170e+01 -1.58886508e+01  0.00000000e+00 -4.22879133e+00  1.66808708e+00 -1.35521701e+01 -9.18626714e+00 -1.08139770e+01  1.90938473e+01]
     [ 9.07910122e+00 -2.84659980e+00  4.80227170e+01  1.98853227e+00  1.54085700e+01  3.70163743e+00 -1.61398728e+01 -1.65304276e+01 -3.19336599e+00  4.22879133e+00  0.00000000e+00  1.06172974e+01 -8.83241985e+00 -9.66896077e-02 -5.60662197e+00 -3.78039707e+00]
     [-1.14140591e+01  5.32445984e+00  1.98853227e+00  3.44503587e+01 -1.29163376e+01  8.04578494e-01 -1.10470761e+01 -1.53609415e+00 -5.85826183e+00 -1.66808708e+00 -1.06172974e+01  0.00000000e+00 -2.11302085e+01 -7.97073326e+00 -2.25076915e+00  4.99455092e+00]
     [ 5.52618563e+00 -8.92225034e+00  1.54085700e+01 -1.29163376e+01  1.08575471e+02  3.26228915e+00  1.62112560e+00 -9.65016089e+00 -6.03179244e+00  1.35521701e+01  8.83241985e+00  2.11302085e+01  0.00000000e+00  3.61525923e+01  4.14092901e+00 -1.45470856e+01]
     [ 7.52564067e+00  6.46495303e+00  3.70163743e+00  8.04578494e-01  3.26228915e+00  4.19760715e+01  8.65327307e+00 -9.23149012e+00  6.30544041e-01  9.18626714e+00  9.66896077e-02  7.97073326e+00 -3.61525923e+01  0.00000000e+00  2.05886529e+00  1.02729896e+01]
     [ 6.62280654e+00  6.98553830e+00 -1.61398728e+01 -1.10470761e+01  1.62112560e+00  8.65327307e+00  8.12730221e+01  1.40965548e+01 -1.89888827e+00  1.08139770e+01  5.60662197e+00  2.25076915e+00 -4.14092901e+00 -2.05886529e+00  0.00000000e+00  1.52219114e+01]
     [ 7.57972699e+00  1.35187170e+01 -1.65304276e+01 -1.53609415e+00 -9.65016089e+00 -9.23149012e+00  1.40965548e+01  5.98126300e+01 -1.70323568e+00 -1.90938473e+01  3.78039707e+00 -4.99455092e+00  1.45470856e+01 -1.02729896e+01 -1.52219114e+01  0.00000000e+00]
     [ 0.00000000e+00 -1.58886508e+01 -3.19336599e+00 -5.85826183e+00 -6.03179244e+00  6.30544041e-01 -1.89888827e+00 -1.70323568e+00  5.65393534e+01  1.58445377e+01  9.07910122e+00 -1.14140591e+01  5.52618563e+00  7.52564067e+00  6.62280654e+00  7.57972699e+00]
     [ 1.58886508e+01  0.00000000e+00  4.22879133e+00 -1.66808708e+00  1.35521701e+01  9.18626714e+00  1.08139770e+01 -1.90938473e+01  1.58445377e+01  4.84665424e+01 -2.84659980e+00  5.32445984e+00 -8.92225034e+00  6.46495303e+00  6.98553830e+00  1.35187170e+01]
     [ 3.19336599e+00 -4.22879133e+00  0.00000000e+00 -1.06172974e+01  8.83241985e+00  9.66896077e-02  5.60662197e+00  3.78039707e+00  9.07910122e+00 -2.84659980e+00  4.80227170e+01  1.98853227e+00  1.54085700e+01  3.70163743e+00 -1.61398728e+01 -1.65304276e+01]
     [ 5.85826183e+00  1.66808708e+00  1.06172974e+01  0.00000000e+00  2.11302085e+01  7.97073326e+00  2.25076915e+00 -4.99455092e+00 -1.14140591e+01  5.32445984e+00  1.98853227e+00  3.44503587e+01 -1.29163376e+01  8.04578494e-01 -1.10470761e+01 -1.53609415e+00]
     [ 6.03179244e+00 -1.35521701e+01 -8.83241985e+00 -2.11302085e+01  0.00000000e+00 -3.61525923e+01 -4.14092901e+00  1.45470856e+01  5.52618563e+00 -8.92225034e+00  1.54085700e+01 -1.29163376e+01  1.08575471e+02  3.26228915e+00  1.62112560e+00 -9.65016089e+00]
     [-6.30544041e-01 -9.18626714e+00 -9.66896077e-02 -7.97073326e+00  3.61525923e+01  0.00000000e+00 -2.05886529e+00 -1.02729896e+01  7.52564067e+00  6.46495303e+00  3.70163743e+00  8.04578494e-01  3.26228915e+00  4.19760715e+01  8.65327307e+00 -9.23149012e+00]
     [ 1.89888827e+00 -1.08139770e+01 -5.60662197e+00 -2.25076915e+00  4.14092901e+00  2.05886529e+00  0.00000000e+00 -1.52219114e+01  6.62280654e+00  6.98553830e+00 -1.61398728e+01 -1.10470761e+01  1.62112560e+00  8.65327307e+00  8.12730221e+01  1.40965548e+01]
     [ 1.70323568e+00  1.90938473e+01 -3.78039707e+00  4.99455092e+00 -1.45470856e+01  1.02729896e+01  1.52219114e+01  0.00000000e+00  7.57972699e+00  1.35187170e+01 -1.65304276e+01 -1.53609415e+00 -9.65016089e+00 -9.23149012e+00  1.40965548e+01  5.98126300e+01]]
    eigvals of hessian_by_M_M: [ 12.39862927  12.39862927  18.76087254  18.76087254  26.55292359  26.55292359  35.04663243  35.04663243  50.80650075  50.80650075  74.16220741  74.16220741 110.77537535 110.77537535 150.6130245  150.6130245 ]
WCOR:
    iter_times, elapsed_time, sqdiff: 300, 0.6537108421325684, 4.834495848074031
    MSN: Tensor(
        [[ 0.23101017-0.5683292j  -0.97210023-0.19413676j  0.52152384-0.8040609j   0.40620023-0.32261616j]
         [-1.31151801+0.00301399j  0.1373371 +0.62185819j -0.32335202+0.1302673j  -0.96167379+0.14549135j]
         [ 0.10310514-0.10575296j  0.69460687+0.45838115j -0.92132119+0.49447014j -0.24189307-0.37578198j]
         [ 0.95349698-1.11468151j  0.51917548-1.10429732j  0.31530537+1.2627572j  -0.00767203-0.66200434j]]
        labels=['kl', 'kr'],
        shape=(4, 4),
    )
    grad_by_reM_reM: Tensor(
        [ 1.13797860e-14-1.22124533e-15j  1.67227343e-14+0.00000000e+00j -1.67921232e-14-3.88578059e-16j -6.88338275e-15-1.94289029e-15j -2.77555756e-15+1.22124533e-15j  9.96425165e-15-7.21644966e-16j -1.55431223e-15+1.11022302e-16j  1.45994328e-14-3.88578059e-16j]
        labels=[('kl', 'EVRnVbHk')],
        shape=(8,),
    )
    grad_by_imM_imM: Tensor(
        [-1.06026299e-14+1.38777878e-15j -1.08801856e-14-1.23512311e-15j -7.93809463e-15+5.27355937e-16j  6.27276009e-15-1.33226763e-15j -1.01030295e-14-1.27675648e-15j  1.49324997e-14+8.60422844e-16j  4.88498131e-15+8.88178420e-16j  4.99600361e-16+4.78783679e-16j]
        labels=[('kl', 'EVRnVbHk')],
        shape=(8,),
    )
    hessian_by_M_M: [[ 53.66265994   9.16037316  10.62676059 -10.80743301   5.52292761   4.8143792    4.9498253    5.1303513    0.          16.87425262   2.86389458   9.07164221   8.00683269  -1.46343685   3.21090649  -2.03418598]
     [  9.16037316  45.04414304  -2.65347034   7.36185715  -5.12851797   7.26036881   7.75923484  12.10636487 -16.87425262   0.          -6.22804646   2.13269235 -15.03248325  -8.24292541 -11.1641285   18.49839425]
     [ 10.62676059  -2.65347034  48.20697697  -3.01379382  16.15050409   2.77082514 -13.27357178 -14.46511152  -2.86389458   6.22804646   0.          14.81194746  -6.27064057   2.13075654  -5.08853931  -0.96253728]
     [-10.80743301   7.36185715  -3.01379382  33.95339147  -8.71532846   3.70201457  -8.96884694   0.9828725   -9.07164221  -2.13269235 -14.81194746   0.         -23.19408634  -6.69471285  -3.51238109   5.56157023]
     [  5.52292761  -5.12851797  16.15050409  -8.71532846 108.18822814  -0.95737831   2.0565541  -12.35802323  -8.00683269  15.03248325   6.27064057  23.19408634   0.          44.7586042    5.27291699 -12.35424216]
     [  4.8143792    7.26036881   2.77082514   3.70201457  -0.95737831  45.95247459   8.94468135  -9.73099634   1.46343685   8.24292541  -2.13075654   6.69471285 -44.7586042    0.           2.36260339  12.31876085]
     [  4.9498253    7.75923484 -13.27357178  -8.96884694   2.0565541    8.94468135  79.33909309   4.13399978  -3.21090649  11.1641285    5.08853931   3.51238109  -5.27291699  -2.36260339   0.          19.59655617]
     [  5.1303513   12.10636487 -14.46511152   0.9828725  -12.35802323  -9.73099634   4.13399978  56.20161817   2.03418598 -18.49839425   0.96253728  -5.56157023  12.35424216 -12.31876085 -19.59655617   0.        ]
     [  0.         -16.87425262  -2.86389458  -9.07164221  -8.00683269   1.46343685  -3.21090649   2.03418598  53.66265994   9.16037316  10.62676059 -10.80743301   5.52292761   4.8143792    4.9498253    5.1303513 ]
     [ 16.87425262   0.           6.22804646  -2.13269235  15.03248325   8.24292541  11.1641285  -18.49839425   9.16037316  45.04414304  -2.65347034   7.36185715  -5.12851797   7.26036881   7.75923484  12.10636487]
     [  2.86389458  -6.22804646   0.         -14.81194746   6.27064057  -2.13075654   5.08853931   0.96253728  10.62676059  -2.65347034  48.20697697  -3.01379382  16.15050409   2.77082514 -13.27357178 -14.46511152]
     [  9.07164221   2.13269235  14.81194746   0.          23.19408634   6.69471285   3.51238109  -5.56157023 -10.80743301   7.36185715  -3.01379382  33.95339147  -8.71532846   3.70201457  -8.96884694   0.9828725 ]
     [  8.00683269 -15.03248325  -6.27064057 -23.19408634   0.         -44.7586042   -5.27291699  12.35424216   5.52292761  -5.12851797  16.15050409  -8.71532846 108.18822814  -0.95737831   2.0565541  -12.35802323]
     [ -1.46343685  -8.24292541   2.13075654  -6.69471285  44.7586042    0.          -2.36260339 -12.31876085   4.8143792    7.26036881   2.77082514   3.70201457  -0.95737831  45.95247459   8.94468135  -9.73099634]
     [  3.21090649 -11.1641285   -5.08853931  -3.51238109   5.27291699   2.36260339   0.         -19.59655617   4.9498253    7.75923484 -13.27357178  -8.96884694   2.0565541    8.94468135  79.33909309   4.13399978]
     [ -2.03418598  18.49839425  -0.96253728   5.56157023 -12.35424216  12.31876085  19.59655617   0.           5.1303513   12.10636487 -14.46511152   0.9828725  -12.35802323  -9.73099634   4.13399978  56.20161817]]
    eigvals of hessian_by_M_M: [ 12.49349324  12.49349324  15.49029505  15.49029505  23.22805875  23.22805875  34.68064279  34.68064279  52.48905438  52.48905438  73.29136032  73.29136032 101.31263016 101.31263016 157.56305072 157.56305072]
WROR:
    iter_times, elapsed_time, sqdiff: 300, 0.6613888740539551, 4.834495848074027
    MSN: Tensor(
        [[ 0.23101017-0.5683292j  -0.97210023-0.19413676j  0.52152384-0.8040609j   0.40620023-0.32261616j]
         [-1.31151801+0.00301399j  0.1373371 +0.62185819j -0.32335202+0.1302673j  -0.96167379+0.14549135j]
         [ 0.10310514-0.10575296j  0.69460687+0.45838115j -0.92132119+0.49447014j -0.24189307-0.37578198j]
         [ 0.95349698-1.11468151j  0.51917548-1.10429732j  0.31530537+1.2627572j  -0.00767203-0.66200434j]]
        labels=['kl', 'kr'],
        shape=(4, 4),
    )
    grad_by_reM_reM: Tensor(
        [-1.29313227e-13-2.38697950e-15j -2.90878432e-14-1.66533454e-15j -9.40150735e-14-2.66453526e-15j  2.06501483e-14-1.16573418e-15j  2.96984659e-15+3.33066907e-15j  4.05231404e-14-1.01307851e-15j -8.94839758e-14-1.94289029e-15j -1.78195132e-14+1.11022302e-16j]
        labels=[('kl', 'EVRnVbHk')],
        shape=(8,),
    )
    grad_by_imM_imM: Tensor(
        [-2.93653990e-14+3.19189120e-15j -5.69544412e-14-2.44249065e-15j -8.61533067e-14+2.68535194e-15j -7.21644966e-16-3.10862447e-15j -8.26005930e-14-1.85962357e-15j  4.53595494e-14+9.43689571e-16j  4.74620343e-14+3.33066907e-15j  1.38777878e-14-1.48622434e-15j]
        labels=[('kl', 'EVRnVbHk')],
        shape=(8,),
    )
    hessian_by_M_M: [[ 8.34459991e+01 -1.36900018e+01  2.13563858e+01 -9.20324197e+00  9.39420381e+00 -4.95266198e+00  4.93441366e+00 -5.54117722e+00  0.00000000e+00  3.03334791e+01  3.93695914e+00  1.70958832e+01  1.71064125e+01 -5.06538723e+00  9.86941729e+00 -6.79522336e+00]
     [-1.36900018e+01  3.21100793e+01 -3.63985157e+00  1.16332493e+01  6.18395184e+00  5.32976969e+00  1.35887581e+01  3.22947912e+00 -3.03334791e+01  0.00000000e+00 -1.30266230e+01  5.73687418e-01 -1.97976845e+01  3.72601479e+00 -9.34443732e+00  1.69661061e+01]
     [ 2.13563858e+01 -3.63985157e+00  8.10391352e+01 -2.04487633e+01  2.79514301e+01 -3.92525392e+00 -1.45896098e+01 -4.02259587e+00 -3.93695914e+00  1.30266230e+01  0.00000000e+00  3.49552630e+01 -4.46427456e+00  8.97540148e+00 -6.59528119e+00  6.48860189e+00]
     [-9.20324197e+00  1.16332493e+01 -2.04487633e+01  3.35723775e+01 -1.22903599e+00  7.48101785e+00  1.15987851e-01  6.22634962e+00 -1.70958832e+01 -5.73687418e-01 -3.49552630e+01  0.00000000e+00 -2.48710991e+01  2.96141080e+00 -2.88132280e+00  3.61128072e+00]
     [ 9.39420381e+00  6.18395184e+00  2.79514301e+01 -1.22903599e+00  1.77137570e+02 -3.04630784e+01  3.71822347e+00 -1.98159859e+01 -1.71064125e+01  1.97976845e+01  4.46427456e+00  2.48710991e+01  0.00000000e+00  7.70620115e+01  1.20421310e+01 -4.71548295e+00]
     [-4.95266198e+00  5.32976969e+00 -3.92525392e+00  7.48101785e+00 -3.04630784e+01  5.16178089e+01  8.20782969e+00 -3.47784980e+00  5.06538723e+00 -3.72601479e+00 -8.97540148e+00 -2.96141080e+00 -7.70620115e+01  0.00000000e+00  2.36157243e+00  1.17383607e+01]
     [ 4.93441366e+00  1.35887581e+01 -1.45896098e+01  1.15987851e-01  3.71822347e+00  8.20782969e+00  1.28162407e+02 -2.96680592e+01 -9.86941729e+00  9.34443732e+00  6.59528119e+00  2.88132280e+00 -1.20421310e+01 -2.36157243e+00  0.00000000e+00  4.76043549e+01]
     [-5.54117722e+00  3.22947912e+00 -4.02259587e+00  6.22634962e+00 -1.98159859e+01 -3.47784980e+00 -2.96680592e+01  4.88452986e+01  6.79522336e+00 -1.69661061e+01 -6.48860189e+00 -3.61128072e+00  4.71548295e+00 -1.17383607e+01 -4.76043549e+01  0.00000000e+00]
     [ 0.00000000e+00 -3.03334791e+01 -3.93695914e+00 -1.70958832e+01 -1.71064125e+01  5.06538723e+00 -9.86941729e+00  6.79522336e+00  8.34459991e+01 -1.36900018e+01  2.13563858e+01 -9.20324197e+00  9.39420381e+00 -4.95266198e+00  4.93441366e+00 -5.54117722e+00]
     [ 3.03334791e+01  0.00000000e+00  1.30266230e+01 -5.73687418e-01  1.97976845e+01 -3.72601479e+00  9.34443732e+00 -1.69661061e+01 -1.36900018e+01  3.21100793e+01 -3.63985157e+00  1.16332493e+01  6.18395184e+00  5.32976969e+00  1.35887581e+01  3.22947912e+00]
     [ 3.93695914e+00 -1.30266230e+01  0.00000000e+00 -3.49552630e+01  4.46427456e+00 -8.97540148e+00  6.59528119e+00 -6.48860189e+00  2.13563858e+01 -3.63985157e+00  8.10391352e+01 -2.04487633e+01  2.79514301e+01 -3.92525392e+00 -1.45896098e+01 -4.02259587e+00]
     [ 1.70958832e+01  5.73687418e-01  3.49552630e+01  0.00000000e+00  2.48710991e+01 -2.96141080e+00  2.88132280e+00 -3.61128072e+00 -9.20324197e+00  1.16332493e+01 -2.04487633e+01  3.35723775e+01 -1.22903599e+00  7.48101785e+00  1.15987851e-01  6.22634962e+00]
     [ 1.71064125e+01 -1.97976845e+01 -4.46427456e+00 -2.48710991e+01  0.00000000e+00 -7.70620115e+01 -1.20421310e+01  4.71548295e+00  9.39420381e+00  6.18395184e+00  2.79514301e+01 -1.22903599e+00  1.77137570e+02 -3.04630784e+01  3.71822347e+00 -1.98159859e+01]
     [-5.06538723e+00  3.72601479e+00  8.97540148e+00  2.96141080e+00  7.70620115e+01  0.00000000e+00 -2.36157243e+00 -1.17383607e+01 -4.95266198e+00  5.32976969e+00 -3.92525392e+00  7.48101785e+00 -3.04630784e+01  5.16178089e+01  8.20782969e+00 -3.47784980e+00]
     [ 9.86941729e+00 -9.34443732e+00 -6.59528119e+00 -2.88132280e+00  1.20421310e+01  2.36157243e+00  0.00000000e+00 -4.76043549e+01  4.93441366e+00  1.35887581e+01 -1.45896098e+01  1.15987851e-01  3.71822347e+00  8.20782969e+00  1.28162407e+02 -2.96680592e+01]
     [-6.79522336e+00  1.69661061e+01  6.48860189e+00  3.61128072e+00 -4.71548295e+00  1.17383607e+01  4.76043549e+01  0.00000000e+00 -5.54117722e+00  3.22947912e+00 -4.02259587e+00  6.22634962e+00 -1.98159859e+01 -3.47784980e+00 -2.96680592e+01  4.88452986e+01]]
    eigvals of hessian_by_M_M: [  5.99075167   5.99075167   7.95117919   7.95117919  10.62561727  10.62561727  21.73604106  21.73604106  64.16364485  64.16364485 120.19851249 120.19851249 158.58596461 158.58596461 246.67896362 246.67896362]
IWROR:
    iter_times, elapsed_time, sqdiff: 300, 0.6526463031768799, 4.834495848074026
    MSN: Tensor(
        [[ 0.23101017-0.5683292j  -0.97210023-0.19413676j  0.52152384-0.8040609j   0.40620023-0.32261616j]
         [-1.31151801+0.00301399j  0.1373371 +0.62185819j -0.32335202+0.1302673j  -0.96167379+0.14549135j]
         [ 0.10310514-0.10575296j  0.69460687+0.45838115j -0.92132119+0.49447014j -0.24189307-0.37578198j]
         [ 0.95349698-1.11468151j  0.51917548-1.10429732j  0.31530537+1.2627572j  -0.00767203-0.66200434j]]
        labels=['kl', 'kr'],
        shape=(4, 4),
    )
    grad_by_reM_reM: Tensor(
        [ 6.50313137e-14+7.77156117e-16j  5.82867088e-15-4.44089210e-16j  8.31279490e-14-3.33066907e-16j -4.45199433e-14+0.00000000e+00j  5.40956169e-14+6.66133815e-16j -4.94049246e-15-1.76247905e-15j -3.38618023e-14-2.55351296e-15j  9.31264614e-15+8.32667268e-16j]
        labels=[('kl', 'EVRnVbHk')],
        shape=(8,),
    )
    grad_by_imM_imM: Tensor(
        [-5.07371922e-14+1.30451205e-15j  1.06581410e-14+1.66533454e-16j  5.89528426e-14-2.55351296e-15j  1.42108547e-14-1.11022302e-16j -1.11022302e-15+6.38378239e-16j  3.11417558e-14+1.05471187e-15j  3.84137167e-14-1.22124533e-15j -1.69309011e-14-4.35632433e-16j]
        labels=[('kl', 'EVRnVbHk')],
        shape=(8,),
    )
    hessian_by_M_M: [[ 8.78175808e+01 -1.29115736e+01  2.30122632e+01 -9.02945953e+00  1.00925946e+01 -4.48642095e+00  5.05203520e+00 -5.62386590e+00  0.00000000e+00  2.90518327e+01  4.16810735e+00  1.66731694e+01  1.81750867e+01 -4.82527742e+00  1.09296853e+01 -6.77569883e+00]
     [-1.29115736e+01  2.88089690e+01 -3.60668043e+00  1.02463940e+01  5.66236596e+00  4.78653344e+00  1.35806585e+01  3.12189121e+00 -2.90518327e+01  0.00000000e+00 -1.26423461e+01  5.07921138e-01 -1.93000576e+01  2.94530886e+00 -9.42987393e+00  1.54011860e+01]
     [ 2.30122632e+01 -3.60668043e+00  8.58008270e+01 -1.96766334e+01  2.97997642e+01 -3.77929752e+00 -1.46028515e+01 -4.58412680e+00 -4.16810735e+00  1.26423461e+01  0.00000000e+00  3.35678916e+01 -4.30663985e+00  8.36846078e+00 -6.66414650e+00  6.61269167e+00]
     [-9.02945953e+00  1.02463940e+01 -1.96766334e+01  2.98178229e+01 -1.04928129e+00  6.39347699e+00 -6.47887041e-03  5.63172340e+00 -1.66731694e+01 -5.07921138e-01 -3.35678916e+01  0.00000000e+00 -2.42391479e+01  2.49640794e+00 -3.42463750e+00  3.37952265e+00]
     [ 1.00925946e+01  5.66236596e+00  2.97997642e+01 -1.04928129e+00  1.87241908e+02 -2.87865655e+01  3.71163775e+00 -1.94330799e+01 -1.81750867e+01  1.93000576e+01  4.30663985e+00  2.42391479e+01  0.00000000e+00  7.35838782e+01  1.32798970e+01 -5.04198096e+00]
     [-4.48642095e+00  4.78653344e+00 -3.77929752e+00  6.39347699e+00 -2.87865655e+01  4.50957338e+01  8.33050919e+00 -3.32659532e+00  4.82527742e+00 -2.94530886e+00 -8.36846078e+00 -2.49640794e+00 -7.35838782e+01  0.00000000e+00  2.43949539e+00  1.05364811e+01]
     [ 5.05203520e+00  1.35806585e+01 -1.46028515e+01 -6.47887041e-03  3.71163775e+00  8.33050919e+00  1.35136268e+02 -2.83318862e+01 -1.09296853e+01  9.42987393e+00  6.66414650e+00  3.42463750e+00 -1.32798970e+01 -2.43949539e+00  0.00000000e+00  4.54631774e+01]
     [-5.62386590e+00  3.12189121e+00 -4.58412680e+00  5.63172340e+00 -1.94330799e+01 -3.32659532e+00 -2.83318862e+01  4.35039167e+01  6.77569883e+00 -1.54011860e+01 -6.61269167e+00 -3.37952265e+00  5.04198096e+00 -1.05364811e+01 -4.54631774e+01  0.00000000e+00]
     [ 0.00000000e+00 -2.90518327e+01 -4.16810735e+00 -1.66731694e+01 -1.81750867e+01  4.82527742e+00 -1.09296853e+01  6.77569883e+00  8.78175808e+01 -1.29115736e+01  2.30122632e+01 -9.02945953e+00  1.00925946e+01 -4.48642095e+00  5.05203520e+00 -5.62386590e+00]
     [ 2.90518327e+01  0.00000000e+00  1.26423461e+01 -5.07921138e-01  1.93000576e+01 -2.94530886e+00  9.42987393e+00 -1.54011860e+01 -1.29115736e+01  2.88089690e+01 -3.60668043e+00  1.02463940e+01  5.66236596e+00  4.78653344e+00  1.35806585e+01  3.12189121e+00]
     [ 4.16810735e+00 -1.26423461e+01  0.00000000e+00 -3.35678916e+01  4.30663985e+00 -8.36846078e+00  6.66414650e+00 -6.61269167e+00  2.30122632e+01 -3.60668043e+00  8.58008270e+01 -1.96766334e+01  2.97997642e+01 -3.77929752e+00 -1.46028515e+01 -4.58412680e+00]
     [ 1.66731694e+01  5.07921138e-01  3.35678916e+01  0.00000000e+00  2.42391479e+01 -2.49640794e+00  3.42463750e+00 -3.37952265e+00 -9.02945953e+00  1.02463940e+01 -1.96766334e+01  2.98178229e+01 -1.04928129e+00  6.39347699e+00 -6.47887041e-03  5.63172340e+00]
     [ 1.81750867e+01 -1.93000576e+01 -4.30663985e+00 -2.42391479e+01  0.00000000e+00 -7.35838782e+01 -1.32798970e+01  5.04198096e+00  1.00925946e+01  5.66236596e+00  2.97997642e+01 -1.04928129e+00  1.87241908e+02 -2.87865655e+01  3.71163775e+00 -1.94330799e+01]
     [-4.82527742e+00  2.94530886e+00  8.36846078e+00  2.49640794e+00  7.35838782e+01  0.00000000e+00 -2.43949539e+00 -1.05364811e+01 -4.48642095e+00  4.78653344e+00 -3.77929752e+00  6.39347699e+00 -2.87865655e+01  4.50957338e+01  8.33050919e+00 -3.32659532e+00]
     [ 1.09296853e+01 -9.42987393e+00 -6.66414650e+00 -3.42463750e+00  1.32798970e+01  2.43949539e+00  0.00000000e+00 -4.54631774e+01  5.05203520e+00  1.35806585e+01 -1.46028515e+01 -6.47887041e-03  3.71163775e+00  8.33050919e+00  1.35136268e+02 -2.83318862e+01]
     [-6.77569883e+00  1.54011860e+01  6.61269167e+00  3.37952265e+00 -5.04198096e+00  1.05364811e+01  4.54631774e+01  0.00000000e+00 -5.62386590e+00  3.12189121e+00 -4.58412680e+00  5.63172340e+00 -1.94330799e+01 -3.32659532e+00 -2.83318862e+01  4.35039167e+01]]
    eigvals of hessian_by_M_M: [  5.72444858   5.72444858   7.52051972   7.52051972  10.09359044  10.09359044  20.70695538  20.70695538  65.23182386  65.23182386 122.08160586 122.08160586 161.28019153 161.28019153 250.58389034 250.58389034]
WLBOR:
    iter_times, elapsed_time, sqdiff: 300, 1.529144048690796, 4.83449584807403
    MSN: Tensor(
        [[ 0.23101017-0.5683292j  -0.97210023-0.19413676j  0.52152384-0.8040609j   0.40620023-0.32261616j]
         [-1.31151801+0.00301399j  0.1373371 +0.62185819j -0.32335201+0.1302673j  -0.96167379+0.14549136j]
         [ 0.10310515-0.10575296j  0.69460687+0.45838115j -0.92132119+0.49447014j -0.24189307-0.37578198j]
         [ 0.95349698-1.11468151j  0.51917548-1.10429732j  0.31530537+1.26275719j -0.00767203-0.66200435j]]
        labels=['kl', 'kr'],
        shape=(4, 4),
    )
    grad_by_reM_reM: Tensor(
        [-9.23831356e-09-3.95516953e-16j  3.27158688e-09-1.11022302e-15j  2.39042789e-08+0.00000000e+00j  2.71967461e-08+7.21644966e-16j  6.60279865e-08+6.66133815e-16j -2.28216885e-08+2.49800181e-15j -3.35238599e-08-5.55111512e-17j -3.85786230e-08+1.05471187e-15j]
        labels=[('kl', 'EVRnVbHk')],
        shape=(8,),
    )
    grad_by_imM_imM: Tensor(
        [-2.74789843e-08-2.10942375e-15j -1.00252757e-08-2.09554596e-15j -5.09088161e-09-1.02695630e-15j -9.39054162e-09+9.99200722e-16j -2.23991325e-08-2.77555756e-16j  2.39536662e-08-6.38378239e-16j -3.89738075e-10+1.77635684e-15j -3.69166752e-08+2.77555756e-16j]
        labels=[('kl', 'EVRnVbHk')],
        shape=(8,),
    )
    hessian_by_M_M: [[ 56.86648372  15.87164616   9.08873491 -11.51220213   5.53955409   7.61932053   6.67363334   7.66411346   0.          15.76182161   3.20475405   5.70898678   6.0520454   -0.60744644   1.8916877    1.78146586]
     [ 15.87164616  48.60165501  -2.91879727   5.29518921  -9.13940937   6.42815586   6.90455073  13.53460526 -15.76182161   0.          -4.15690968   1.62671708 -13.50895953  -9.14843579 -10.86297409  19.22308969]
     [  9.08873491  -2.91879727  48.26135724   1.96277675  15.45032748   3.6676871  -16.27703629 -16.62284266  -3.20475405   4.15690968   0.          10.37193465  -8.90376154  -0.1697908   -5.653303    -3.87663598]
     [-11.51220213   5.29518921   1.96277675  34.55142347 -13.15919279   0.67877807 -11.1146195   -1.5428937   -5.70898678  -1.62671708 -10.37193465   0.         -21.03343691  -7.92569092  -2.23427405   4.99257602]
     [  5.53955409  -9.13940937  15.45032748 -13.15919279 109.08572823   2.99094716   1.64422957  -9.52767929  -6.0520454   13.50895953   8.90376154  21.03343691   0.          35.69097442   4.11994272 -14.71974548]
     [  7.61932053   6.42815586   3.6676871    0.67877807   2.99094716  41.81458602   8.67399969  -9.19057049   0.60744644   9.14843579   0.1697908    7.92569092 -35.69097442   0.           1.99718045  10.2261052 ]
     [  6.67363334   6.90455073 -16.27703629 -11.1146195    1.64422957   8.67399969  81.72443431  14.14967057  -1.8916877   10.86297409   5.653303     2.23427405  -4.11994272  -1.99718045   0.          14.9080218 ]
     [  7.66411346  13.53460526 -16.62284266  -1.5428937   -9.52767929  -9.19057049  14.14967057  60.03187017  -1.78146586 -19.22308969   3.87663598  -4.99257602  14.71974548 -10.2261052  -14.9080218    0.        ]
     [  0.         -15.76182161  -3.20475405  -5.70898678  -6.0520454    0.60744644  -1.8916877   -1.78146586  56.86648372  15.87164616   9.08873491 -11.51220213   5.53955409   7.61932053   6.67363334   7.66411346]
     [ 15.76182161   0.           4.15690968  -1.62671708  13.50895953   9.14843579  10.86297409 -19.22308969  15.87164616  48.60165501  -2.91879727   5.29518921  -9.13940937   6.42815586   6.90455073  13.53460526]
     [  3.20475405  -4.15690968   0.         -10.37193465   8.90376154   0.1697908    5.653303     3.87663598   9.08873491  -2.91879727  48.26135724   1.96277675  15.45032748   3.6676871  -16.27703629 -16.62284266]
     [  5.70898678   1.62671708  10.37193465   0.          21.03343691   7.92569092   2.23427405  -4.99257602 -11.51220213   5.29518921   1.96277675  34.55142347 -13.15919279   0.67877807 -11.1146195   -1.5428937 ]
     [  6.0520454  -13.50895953  -8.90376154 -21.03343691   0.         -35.69097442  -4.11994272  14.71974548   5.53955409  -9.13940937  15.45032748 -13.15919279 109.08572823   2.99094716   1.64422957  -9.52767929]
     [ -0.60744644  -9.14843579  -0.1697908   -7.92569092  35.69097442   0.          -1.99718045 -10.2261052    7.61932053   6.42815586   3.6676871    0.67877807   2.99094716  41.81458602   8.67399969  -9.19057049]
     [  1.8916877  -10.86297409  -5.653303    -2.23427405   4.11994272   1.99718045   0.         -14.9080218    6.67363334   6.90455073 -16.27703629 -11.1146195    1.64422957   8.67399969  81.72443431  14.14967057]
     [  1.78146586  19.22308969  -3.87663598   4.99257602 -14.71974548  10.2261052   14.9080218    0.           7.66411346  13.53460526 -16.62284266  -1.5428937   -9.52767929  -9.19057049  14.14967057  60.03187017]]
    eigvals of hessian_by_M_M: [ 12.50278696  12.50278696  18.94614136  18.94614136  26.84795234  26.84795234  35.19659118  35.19659118  51.07779283  51.07779283  74.4895549   74.4895549  111.18366244 111.18366244 150.69305617 150.69305617]
WNAG:
    iter_times, elapsed_time, sqdiff: 300, 0.6361138820648193, 4.847498249838409
    MSN: Tensor(
        [[ 0.22520548-0.57200472j -0.97551254-0.18504451j  0.51464962-0.81003684j  0.4030522 -0.32722155j]
         [-1.31267787+0.01566598j  0.14349097+0.62106921j -0.32237616+0.13355291j -0.96115907+0.15490869j]
         [ 0.1023825 -0.10545874j  0.70040481+0.45257114j -0.91801738+0.5038562j  -0.2454302 -0.37313165j]
         [ 0.94567858-1.12435237j  0.51009984-1.11103088j  0.32742514+1.26174749j -0.01295032-0.6625903j ]]
        labels=['kl', 'kr'],
        shape=(4, 4),
    )
    grad_by_reM_reM: Tensor(
        [ 0.11944029-1.80411242e-16j  1.83452938-3.99680289e-15j -0.1485758 +2.63677968e-16j -3.60058255+3.44169138e-15j -0.04790448-1.66533454e-16j -0.17982164+2.44249065e-15j  0.30048027+2.77555756e-16j  6.53490265+3.77475828e-15j]
        labels=[('kl', 'EVRnVbHk')],
        shape=(8,),
    )
    grad_by_imM_imM: Tensor(
        [-0.0948981 -1.11022302e-16j -2.36867321-2.10942375e-15j -0.14174477+8.32667268e-17j -1.79549553+0.00000000e+00j  0.1473901 +1.05471187e-15j  2.80532364+2.04281037e-14j  0.19160222-2.22044605e-16j  2.0670981 -4.88498131e-15j]
        labels=[('kl', 'EVRnVbHk')],
        shape=(8,),
    )
    hessian_by_M_M: [[ 7.22596390e+00  1.31859226e+02  1.03193642e+00  1.69887996e+01  4.38416370e-01  1.60691721e+01  6.20364121e-01  1.57277702e+01  0.00000000e+00 -3.70171384e+01  2.04770744e-01 -1.68193352e+00  1.28972855e+00  2.06435664e+01  4.13771032e-01  4.48586783e+00]
     [ 1.31859226e+02  2.60981880e+03  1.64692151e+01  2.96702670e+02 -1.36600097e+00  1.26989127e+02  8.89917002e+00  2.52080575e+02  3.70171384e+01  0.00000000e+00  8.82220991e+00  5.95461094e+01  2.34169521e+01  4.29141653e+02  8.90463970e+00  1.38197988e+02]
     [ 1.03193642e+00  1.64692151e+01  6.30168541e+00  1.12711579e+02  1.56293740e+00  2.42037592e+01 -2.17726081e+00 -4.67235250e+01 -2.04770744e-01 -8.82220991e+00  0.00000000e+00 -3.33568675e+01 -7.65484400e-01 -2.20561361e+01 -9.03597523e-01 -6.04473337e+00]
     [ 1.69887996e+01  2.96702670e+02  1.12711579e+02  2.20357620e+03  2.84616790e+01  4.68609259e+02 -3.66274135e+01 -8.48186508e+02  1.68193352e+00 -5.95461094e+01  3.33568675e+01  0.00000000e+00 -8.72864574e+00 -3.08845843e+02 -2.77145555e+01 -3.41284859e+02]
     [ 4.38416370e-01 -1.36600097e+00  1.56293740e+00  2.84616790e+01  1.33263109e+01  2.36954367e+02  6.55607254e-01  1.17235113e+01 -1.28972855e+00 -2.34169521e+01  7.65484400e-01  8.72864574e+00  0.00000000e+00 -6.64900545e+01  1.29268267e-01 -4.30383532e+00]
     [ 1.60691721e+01  1.26989127e+02  2.42037592e+01  4.68609259e+02  2.36954367e+02  4.55603041e+03  1.23611520e+01  2.51627886e+02 -2.06435664e+01 -4.29141653e+02  2.20561361e+01  3.08845843e+02  6.64900545e+01  0.00000000e+00  5.44577308e+00 -2.47995521e+01]
     [ 6.20364121e-01  8.89917002e+00 -2.17726081e+00 -3.66274135e+01  6.55607254e-01  1.23611520e+01  1.07989019e+01  1.95517146e+02 -4.13771032e-01 -8.90463970e+00  9.03597523e-01  2.77145555e+01 -1.29268267e-01 -5.44577308e+00  0.00000000e+00 -5.71188736e+01]
     [ 1.57277702e+01  2.52080575e+02 -4.67235250e+01 -8.48186508e+02  1.17235113e+01  2.51627886e+02  1.95517146e+02  3.86060047e+03 -4.48586783e+00 -1.38197988e+02  6.04473337e+00  3.41284859e+02  4.30383532e+00  2.47995521e+01  5.71188736e+01  0.00000000e+00]
     [ 0.00000000e+00  3.70171384e+01 -2.04770744e-01  1.68193352e+00 -1.28972855e+00 -2.06435664e+01 -4.13771032e-01 -4.48586783e+00  7.22596390e+00  1.31859226e+02  1.03193642e+00  1.69887996e+01  4.38416370e-01  1.60691721e+01  6.20364121e-01  1.57277702e+01]
     [-3.70171384e+01  0.00000000e+00 -8.82220991e+00 -5.95461094e+01 -2.34169521e+01 -4.29141653e+02 -8.90463970e+00 -1.38197988e+02  1.31859226e+02  2.60981880e+03  1.64692151e+01  2.96702670e+02 -1.36600097e+00  1.26989127e+02  8.89917002e+00  2.52080575e+02]
     [ 2.04770744e-01  8.82220991e+00  0.00000000e+00  3.33568675e+01  7.65484400e-01  2.20561361e+01  9.03597523e-01  6.04473337e+00  1.03193642e+00  1.64692151e+01  6.30168541e+00  1.12711579e+02  1.56293740e+00  2.42037592e+01 -2.17726081e+00 -4.67235250e+01]
     [-1.68193352e+00  5.95461094e+01 -3.33568675e+01  0.00000000e+00  8.72864574e+00  3.08845843e+02  2.77145555e+01  3.41284859e+02  1.69887996e+01  2.96702670e+02  1.12711579e+02  2.20357620e+03  2.84616790e+01  4.68609259e+02 -3.66274135e+01 -8.48186508e+02]
     [ 1.28972855e+00  2.34169521e+01 -7.65484400e-01 -8.72864574e+00  0.00000000e+00  6.64900545e+01 -1.29268267e-01  4.30383532e+00  4.38416370e-01 -1.36600097e+00  1.56293740e+00  2.84616790e+01  1.33263109e+01  2.36954367e+02  6.55607254e-01  1.17235113e+01]
     [ 2.06435664e+01  4.29141653e+02 -2.20561361e+01 -3.08845843e+02 -6.64900545e+01  0.00000000e+00 -5.44577308e+00  2.47995521e+01  1.60691721e+01  1.26989127e+02  2.42037592e+01  4.68609259e+02  2.36954367e+02  4.55603041e+03  1.23611520e+01  2.51627886e+02]
     [ 4.13771032e-01  8.90463970e+00 -9.03597523e-01 -2.77145555e+01  1.29268267e-01  5.44577308e+00  0.00000000e+00  5.71188736e+01  6.20364121e-01  8.89917002e+00 -2.17726081e+00 -3.66274135e+01  6.55607254e-01  1.23611520e+01  1.07989019e+01  1.95517146e+02]
     [ 4.48586783e+00  1.38197988e+02 -6.04473337e+00 -3.41284859e+02 -4.30383532e+00 -2.47995521e+01 -5.71188736e+01  0.00000000e+00  1.57277702e+01  2.52080575e+02 -4.67235250e+01 -8.48186508e+02  1.17235113e+01  2.51627886e+02  1.95517146e+02  3.86060047e+03]]
    eigvals of hessian_by_M_M: [1.73235141e-02 1.73235141e-02 2.10713580e-02 2.10713580e-02 2.92197012e-02 2.92197012e-02 6.42164837e-02 6.42164837e-02 1.53715246e+03 1.53715246e+03 2.66716598e+03 2.66716598e+03 4.18015360e+03 4.18015360e+03 4.88307486e+03 4.88307486e+03]
SNAG:
    iter_times, elapsed_time, sqdiff: 300, 0.5792241096496582, 4.83449584807403
    MSN: Tensor(
        [[ 0.23101017-0.5683292j  -0.97210023-0.19413676j  0.52152384-0.8040609j   0.40620023-0.32261616j]
         [-1.31151801+0.00301399j  0.1373371 +0.62185819j -0.32335202+0.1302673j  -0.96167379+0.14549135j]
         [ 0.10310514-0.10575296j  0.69460687+0.45838115j -0.92132119+0.49447014j -0.24189307-0.37578198j]
         [ 0.95349698-1.11468151j  0.51917548-1.10429732j  0.31530537+1.2627572j  -0.00767203-0.66200434j]]
        labels=['kl', 'kr'],
        shape=(4, 4),
    )
    grad_by_reM_reM: Tensor(
        [ 4.60742555e-15+5.41233725e-16j -1.85962357e-15+8.98586761e-16j  8.79851747e-15+2.63677968e-16j -1.24067423e-14+6.38378239e-16j -1.44328993e-15+1.05471187e-15j -7.86870569e-15+1.94289029e-16j -9.76996262e-15-1.12410081e-15j -2.60902411e-15-6.24500451e-16j]
        labels=[('kl', 'EVRnVbHk')],
        shape=(8,),
    )
    grad_by_imM_imM: Tensor(
        [ 5.53723734e-15-3.33066907e-16j  8.42728665e-15+4.16333634e-16j  1.32810429e-14+8.32667268e-17j  1.20181642e-14+6.93889390e-16j  5.60662627e-15-3.05311332e-16j  5.82867088e-16-4.85722573e-16j -4.57966998e-16+3.60822483e-16j -8.78463968e-15-1.11022302e-15j]
        labels=[('kl', 'EVRnVbHk')],
        shape=(8,),
    )
    hessian_by_M_M: [[ 8.88592894e+00  2.84265904e+00  7.72697800e-01  5.08741609e-01  1.93087761e-01 -1.42836328e+00  8.06980580e-01 -2.49975993e-01  0.00000000e+00  3.53870723e+00  5.72241932e-03  1.77819438e+00  1.66010100e+00  1.31513193e-01  8.00818400e-01 -1.16698071e+00]
     [ 2.84265904e+00  5.79281957e+00  4.26125043e-01  2.11810758e+00  2.42366844e+00  1.06619724e+00  1.23326713e+00  4.72359959e-01 -3.53870723e+00  0.00000000e+00 -9.07880933e-01  3.77134878e-01 -3.06516271e-01  7.98098540e-01 -3.27003637e-01  1.64929764e+00]
     [ 7.72697800e-01  4.26125043e-01  7.45635007e+00  2.16095740e+00  9.87780572e-01  7.54903886e-01 -2.91952756e+00 -7.60705535e-01 -5.72241932e-03  9.07880933e-01  0.00000000e+00  4.33528512e+00 -8.06836156e-01  3.13407350e-01 -1.21752605e+00 -7.04544797e-01]
     [ 5.08741609e-01  2.11810758e+00  2.16095740e+00  5.99324247e+00  2.11342139e+00  2.29888056e+00 -1.73877936e+00  2.13959428e-01 -1.77819438e+00 -3.77134878e-01 -4.33528512e+00  0.00000000e+00 -2.41595173e+00 -3.79884160e-02 -6.10894573e-02  1.88936184e-01]
     [ 1.93087761e-01  2.42366844e+00  9.87780572e-01  2.11342139e+00  1.41075847e+01  7.04020978e+00  1.11386137e+00 -5.99280724e-01 -1.66010100e+00  3.06516271e-01  8.06836156e-01  2.41595173e+00  0.00000000e+00  8.92825393e+00 -4.26460488e-01  1.11960047e+00]
     [-1.42836328e+00  1.06619724e+00  7.54903886e-01  2.29888056e+00  7.04020978e+00  1.23334352e+01  2.77518946e-01 -4.47793357e-01 -1.31513193e-01 -7.98098540e-01 -3.13407350e-01  3.79884160e-02 -8.92825393e+00  0.00000000e+00 -4.76399219e-01  1.90246407e+00]
     [ 8.06980580e-01  1.23326713e+00 -2.91952756e+00 -1.73877936e+00  1.11386137e+00  2.77518946e-01  1.33063246e+01  3.69158274e+00 -8.00818400e-01  3.27003637e-01  1.21752605e+00  6.10894573e-02  4.26460488e-01  4.76399219e-01  0.00000000e+00  6.47240663e+00]
     [-2.49975993e-01  4.72359959e-01 -7.60705535e-01  2.13959428e-01 -5.99280724e-01 -4.47793357e-01  3.69158274e+00  8.76815527e+00  1.16698071e+00 -1.64929764e+00  7.04544797e-01 -1.88936184e-01 -1.11960047e+00 -1.90246407e+00 -6.47240663e+00  0.00000000e+00]
     [ 0.00000000e+00 -3.53870723e+00 -5.72241932e-03 -1.77819438e+00 -1.66010100e+00 -1.31513193e-01 -8.00818400e-01  1.16698071e+00  8.88592894e+00  2.84265904e+00  7.72697800e-01  5.08741609e-01  1.93087761e-01 -1.42836328e+00  8.06980580e-01 -2.49975993e-01]
     [ 3.53870723e+00  0.00000000e+00  9.07880933e-01 -3.77134878e-01  3.06516271e-01 -7.98098540e-01  3.27003637e-01 -1.64929764e+00  2.84265904e+00  5.79281957e+00  4.26125043e-01  2.11810758e+00  2.42366844e+00  1.06619724e+00  1.23326713e+00  4.72359959e-01]
     [ 5.72241932e-03 -9.07880933e-01  0.00000000e+00 -4.33528512e+00  8.06836156e-01 -3.13407350e-01  1.21752605e+00  7.04544797e-01  7.72697800e-01  4.26125043e-01  7.45635007e+00  2.16095740e+00  9.87780572e-01  7.54903886e-01 -2.91952756e+00 -7.60705535e-01]
     [ 1.77819438e+00  3.77134878e-01  4.33528512e+00  0.00000000e+00  2.41595173e+00  3.79884160e-02  6.10894573e-02 -1.88936184e-01  5.08741609e-01  2.11810758e+00  2.16095740e+00  5.99324247e+00  2.11342139e+00  2.29888056e+00 -1.73877936e+00  2.13959428e-01]
     [ 1.66010100e+00 -3.06516271e-01 -8.06836156e-01 -2.41595173e+00  0.00000000e+00 -8.92825393e+00  4.26460488e-01 -1.11960047e+00  1.93087761e-01  2.42366844e+00  9.87780572e-01  2.11342139e+00  1.41075847e+01  7.04020978e+00  1.11386137e+00 -5.99280724e-01]
     [ 1.31513193e-01  7.98098540e-01  3.13407350e-01 -3.79884160e-02  8.92825393e+00  0.00000000e+00  4.76399219e-01 -1.90246407e+00 -1.42836328e+00  1.06619724e+00  7.54903886e-01  2.29888056e+00  7.04020978e+00  1.23334352e+01  2.77518946e-01 -4.47793357e-01]
     [ 8.00818400e-01 -3.27003637e-01 -1.21752605e+00 -6.10894573e-02 -4.26460488e-01 -4.76399219e-01  0.00000000e+00 -6.47240663e+00  8.06980580e-01  1.23326713e+00 -2.91952756e+00 -1.73877936e+00  1.11386137e+00  2.77518946e-01  1.33063246e+01  3.69158274e+00]
     [-1.16698071e+00  1.64929764e+00 -7.04544797e-01  1.88936184e-01  1.11960047e+00  1.90246407e+00  6.47240663e+00  0.00000000e+00 -2.49975993e-01  4.72359959e-01 -7.60705535e-01  2.13959428e-01 -5.99280724e-01 -4.47793357e-01  3.69158274e+00  8.76815527e+00]]
    eigvals of hessian_by_M_M: [ 1.08218154  1.08218154  1.17934591  1.17934591  1.73936493  1.73936493  3.57400808  3.57400808  8.52290976  8.52290976 13.47083338 13.47083338 20.08279781 20.08279781 26.99239935 26.99239935]
SSpiral(8):
    iter_times, elapsed_time, sqdiff: 300, 0.9574928283691406, 4.630567169490874
    MSN: Tensor(
        [[-1.37652726-0.09073833j -1.13985645+0.23027554j  0.73918924-0.27432401j  0.31775145+0.13506823j]
         [-0.73753355-0.34896765j -0.65850445-0.48441957j -0.96763487-0.23532306j -0.10447814+1.45248218j]
         [ 0.78381893+0.47922473j  0.43145274+0.45394748j  0.27380476+1.28357511j  1.10551413-0.88183414j]
         [ 1.00396603-0.75322174j  0.59644664-0.60347263j  0.54407026+0.95024986j  0.01214965-0.71603708j]]
        labels=['kl', 'kr'],
        shape=(4, 4),
    )
    grad_by_reM_reM: Tensor(
        [-1.09356968e-14+2.22044605e-16j -8.10462808e-15-3.88578059e-16j -4.44089210e-14+1.22124533e-15j -2.47440957e-14+5.27355937e-16j -2.97539771e-14+1.88737914e-15j -1.35724765e-14+9.43689571e-16j  4.67403893e-14+2.22044605e-16j  1.02140518e-14+2.49800181e-16j]
        labels=[('kl', 'EVRnVbHk')],
        shape=(8,),
    )
    grad_by_imM_imM: Tensor(
        [ 7.77156117e-15-1.49880108e-15j  5.44009282e-15-8.32667268e-17j  2.32036612e-14-1.33226763e-15j -5.35682609e-15-1.80411242e-16j -3.14193116e-14+1.77635684e-15j -2.15938378e-14+1.94289029e-16j  2.50910404e-14-2.77555756e-15j  2.58959520e-14-2.22044605e-16j]
        labels=[('kl', 'EVRnVbHk')],
        shape=(8,),
    )
    hessian_by_M_M: [[ 3.91049231e+01  5.50930718e+00 -6.79325071e+00 -4.23955662e+00  5.44965337e+00  3.05208578e+00  7.15495228e+00 -6.28520390e-01  0.00000000e+00  4.83765206e+00  4.21849714e+00 -1.34765848e+00  1.06526003e+01 -1.71634162e+00  1.72875134e+00  1.87214494e+00]
     [ 5.50930718e+00  4.90431098e+00 -1.39535861e+00 -5.19775818e-01 -2.73289443e+00 -6.61502018e-01  1.46758302e+00  2.56450609e-02 -4.83765206e+00  0.00000000e+00  2.67862589e+00  3.95838863e-01  2.34421777e+00 -1.49614626e+00  1.30454926e+00  1.47143451e+00]
     [-6.79325071e+00 -1.39535861e+00  3.05926647e+01  4.85966625e+00  7.38014501e-01 -2.02969777e+00 -2.81219175e+00  2.63598462e+00 -4.21849714e+00 -2.67862589e+00  0.00000000e+00  4.15428563e+00  1.44895791e+00  3.34940872e+00 -3.11728890e+00 -3.69375677e+00]
     [-4.23955662e+00 -5.19775818e-01  4.85966625e+00  4.27200768e+00 -7.38493690e-01  4.20954311e-01  1.16812487e+00 -5.76908441e-02  1.34765848e+00 -3.95838863e-01 -4.15428563e+00  0.00000000e+00  2.33253733e+00  1.05446383e+00  2.58315400e+00 -4.35927858e-01]
     [ 5.44965337e+00 -2.73289443e+00  7.38014501e-01 -7.38493690e-01  3.65654310e+01  3.65647500e-02  4.00312895e+00  1.57492489e+00 -1.06526003e+01 -2.34421777e+00 -1.44895791e+00 -2.33253733e+00  0.00000000e+00  3.21978044e+00 -7.01281815e+00 -1.11044818e+00]
     [ 3.05208578e+00 -6.61502018e-01 -2.02969777e+00  4.20954311e-01  3.65647500e-02  5.99974943e+00 -4.95840966e-02 -1.23498793e-01  1.71634162e+00  1.49614626e+00 -3.34940872e+00 -1.05446383e+00 -3.21978044e+00  0.00000000e+00 -2.55742637e+00  4.09694815e-01]
     [ 7.15495228e+00  1.46758302e+00 -2.81219175e+00  1.16812487e+00  4.00312895e+00 -4.95840966e-02  4.99081464e+01  3.42231764e+00 -1.72875134e+00 -1.30454926e+00  3.11728890e+00 -2.58315400e+00  7.01281815e+00  2.55742637e+00  0.00000000e+00  6.67788983e+00]
     [-6.28520390e-01  2.56450609e-02  2.63598462e+00 -5.76908441e-02  1.57492489e+00 -1.23498793e-01  3.42231764e+00  3.83748499e+00 -1.87214494e+00 -1.47143451e+00  3.69375677e+00  4.35927858e-01  1.11044818e+00 -4.09694815e-01 -6.67788983e+00  0.00000000e+00]
     [ 0.00000000e+00 -4.83765206e+00 -4.21849714e+00  1.34765848e+00 -1.06526003e+01  1.71634162e+00 -1.72875134e+00 -1.87214494e+00  3.91049231e+01  5.50930718e+00 -6.79325071e+00 -4.23955662e+00  5.44965337e+00  3.05208578e+00  7.15495228e+00 -6.28520390e-01]
     [ 4.83765206e+00  0.00000000e+00 -2.67862589e+00 -3.95838863e-01 -2.34421777e+00  1.49614626e+00 -1.30454926e+00 -1.47143451e+00  5.50930718e+00  4.90431098e+00 -1.39535861e+00 -5.19775818e-01 -2.73289443e+00 -6.61502018e-01  1.46758302e+00  2.56450609e-02]
     [ 4.21849714e+00  2.67862589e+00  0.00000000e+00 -4.15428563e+00 -1.44895791e+00 -3.34940872e+00  3.11728890e+00  3.69375677e+00 -6.79325071e+00 -1.39535861e+00  3.05926647e+01  4.85966625e+00  7.38014501e-01 -2.02969777e+00 -2.81219175e+00  2.63598462e+00]
     [-1.34765848e+00  3.95838863e-01  4.15428563e+00  0.00000000e+00 -2.33253733e+00 -1.05446383e+00 -2.58315400e+00  4.35927858e-01 -4.23955662e+00 -5.19775818e-01  4.85966625e+00  4.27200768e+00 -7.38493690e-01  4.20954311e-01  1.16812487e+00 -5.76908441e-02]
     [ 1.06526003e+01  2.34421777e+00  1.44895791e+00  2.33253733e+00  0.00000000e+00 -3.21978044e+00  7.01281815e+00  1.11044818e+00  5.44965337e+00 -2.73289443e+00  7.38014501e-01 -7.38493690e-01  3.65654310e+01  3.65647500e-02  4.00312895e+00  1.57492489e+00]
     [-1.71634162e+00 -1.49614626e+00  3.34940872e+00  1.05446383e+00  3.21978044e+00  0.00000000e+00  2.55742637e+00 -4.09694815e-01  3.05208578e+00 -6.61502018e-01 -2.02969777e+00  4.20954311e-01  3.65647500e-02  5.99974943e+00 -4.95840966e-02 -1.23498793e-01]
     [ 1.72875134e+00  1.30454926e+00 -3.11728890e+00  2.58315400e+00 -7.01281815e+00 -2.55742637e+00  0.00000000e+00 -6.67788983e+00  7.15495228e+00  1.46758302e+00 -2.81219175e+00  1.16812487e+00  4.00312895e+00 -4.95840966e-02  4.99081464e+01  3.42231764e+00]
     [ 1.87214494e+00  1.47143451e+00 -3.69375677e+00 -4.35927858e-01 -1.11044818e+00  4.09694815e-01  6.67788983e+00  0.00000000e+00 -6.28520390e-01  2.56450609e-02  2.63598462e+00 -5.76908441e-02  1.57492489e+00 -1.23498793e-01  3.42231764e+00  3.83748499e+00]]
    eigvals of hessian_by_M_M: [ 1.10222112  1.10222112  1.96839385  1.96839385  3.02388233  3.02388233  4.92013407  4.92013407 22.38053206 22.38053206 36.80605953 36.80605953 41.1903948  41.1903948  63.79310054 63.79310054]
SSpiral(11):
    iter_times, elapsed_time, sqdiff: 300, 1.0006940364837646, 4.630567169490873
    MSN: Tensor(
        [[-1.37652726-0.09073833j -1.13985645+0.23027554j  0.73918924-0.27432401j  0.31775145+0.13506823j]
         [-0.73753355-0.34896765j -0.65850445-0.48441957j -0.96763487-0.23532306j -0.10447814+1.45248218j]
         [ 0.78381893+0.47922473j  0.43145274+0.45394748j  0.27380476+1.28357511j  1.10551413-0.88183414j]
         [ 1.00396603-0.75322174j  0.59644664-0.60347263j  0.54407026+0.95024986j  0.01214965-0.71603708j]]
        labels=['kl', 'kr'],
        shape=(4, 4),
    )
    grad_by_reM_reM: Tensor(
        [-5.47339951e-14+0.00000000e+00j  2.47579734e-14+1.11022302e-15j -9.03721542e-14-4.44089210e-16j  7.61890551e-15+9.99200722e-16j -2.24265051e-14-2.22044605e-16j  1.09356968e-14+1.11022302e-16j  4.18554080e-14-1.33226763e-15j  7.66053887e-15+1.11022302e-16j]
        labels=[('kl', 'EVRnVbHk')],
        shape=(8,),
    )
    grad_by_imM_imM: Tensor(
        [ 2.93098879e-14-4.44089210e-16j -7.54951657e-15+5.55111512e-16j  6.21724894e-15+6.66133815e-16j -1.65423231e-14-9.57567359e-16j -1.12354570e-13+1.11022302e-15j  1.49880108e-14-4.99600361e-16j  1.35891298e-13-1.11022302e-16j -3.08642001e-14+1.11022302e-16j]
        labels=[('kl', 'EVRnVbHk')],
        shape=(8,),
    )
    hessian_by_M_M: [[ 3.64194418e+01 -2.10867928e+00 -1.84786765e+00  2.70398052e+00  4.81809047e+00 -7.02698057e+00  6.96969355e+00 -1.49948162e-01  0.00000000e+00 -5.08423650e+00  3.65110565e+00  6.68953640e+00  9.22173672e+00 -6.84762111e+00  5.94648749e-02  8.74403168e-01]
     [-2.10867928e+00  1.53324160e+01 -1.43026425e+00 -1.25845729e+00 -3.21267013e+00  1.11085323e-02 -3.30192262e+00  4.23418898e-01  5.08423650e+00  0.00000000e+00 -5.02162087e+00  5.27310987e-01 -1.05905397e+01 -1.48644045e+00  1.87794485e+00  4.28735497e+00]
     [-1.84786765e+00 -1.43026425e+00  2.77715409e+01 -1.09586434e+00  4.38763070e+00  5.79003768e+00 -7.50284019e+00 -6.36007065e+00 -3.65110565e+00  5.02162087e+00  0.00000000e+00 -4.68374024e+00 -3.52337878e+00  1.51800933e+00 -2.70737899e+00  6.90483849e-01]
     [ 2.70398052e+00 -1.25845729e+00 -1.09586434e+00  1.32072893e+01 -1.46925519e+00  4.96220483e-01 -4.38527155e+00  2.81296801e+00 -6.68953640e+00 -5.27310987e-01  4.68374024e+00  0.00000000e+00 -2.79014067e+00  3.70403932e+00 -1.24529726e+00 -1.11195291e+00]
     [ 4.81809047e+00 -3.21267013e+00  4.38763070e+00 -1.46925519e+00  4.70003367e+01  2.04754648e+00  2.58730431e+00 -4.84031515e+00 -9.22173672e+00  1.05905397e+01  3.52337878e+00  2.79014067e+00  0.00000000e+00  7.08190726e+00 -3.18933029e+00  5.46174870e-01]
     [-7.02698057e+00  1.11085323e-02  5.79003768e+00  4.96220483e-01  2.04754648e+00  1.81711848e+01  3.31204767e+00 -4.86380119e-01  6.84762111e+00  1.48644045e+00 -1.51800933e+00 -3.70403932e+00 -7.08190726e+00  0.00000000e+00  4.68256038e+00  9.20303003e-01]
     [ 6.96969355e+00 -3.30192262e+00 -7.50284019e+00 -4.38527155e+00  2.58730431e+00  3.31204767e+00  5.18043603e+01 -1.69791890e+00 -5.94648749e-02 -1.87794485e+00  2.70737899e+00  1.24529726e+00  3.18933029e+00 -4.68256038e+00  0.00000000e+00 -5.13964732e+00]
     [-1.49948162e-01  4.23418898e-01 -6.36007065e+00  2.81296801e+00 -4.84031515e+00 -4.86380119e-01 -1.69791890e+00  1.05520419e+01 -8.74403168e-01 -4.28735497e+00 -6.90483849e-01  1.11195291e+00 -5.46174870e-01 -9.20303003e-01  5.13964732e+00  0.00000000e+00]
     [ 0.00000000e+00  5.08423650e+00 -3.65110565e+00 -6.68953640e+00 -9.22173672e+00  6.84762111e+00 -5.94648749e-02 -8.74403168e-01  3.64194418e+01 -2.10867928e+00 -1.84786765e+00  2.70398052e+00  4.81809047e+00 -7.02698057e+00  6.96969355e+00 -1.49948162e-01]
     [-5.08423650e+00  0.00000000e+00  5.02162087e+00 -5.27310987e-01  1.05905397e+01  1.48644045e+00 -1.87794485e+00 -4.28735497e+00 -2.10867928e+00  1.53324160e+01 -1.43026425e+00 -1.25845729e+00 -3.21267013e+00  1.11085323e-02 -3.30192262e+00  4.23418898e-01]
     [ 3.65110565e+00 -5.02162087e+00  0.00000000e+00  4.68374024e+00  3.52337878e+00 -1.51800933e+00  2.70737899e+00 -6.90483849e-01 -1.84786765e+00 -1.43026425e+00  2.77715409e+01 -1.09586434e+00  4.38763070e+00  5.79003768e+00 -7.50284019e+00 -6.36007065e+00]
     [ 6.68953640e+00  5.27310987e-01 -4.68374024e+00  0.00000000e+00  2.79014067e+00 -3.70403932e+00  1.24529726e+00  1.11195291e+00  2.70398052e+00 -1.25845729e+00 -1.09586434e+00  1.32072893e+01 -1.46925519e+00  4.96220483e-01 -4.38527155e+00  2.81296801e+00]
     [ 9.22173672e+00 -1.05905397e+01 -3.52337878e+00 -2.79014067e+00  0.00000000e+00 -7.08190726e+00  3.18933029e+00 -5.46174870e-01  4.81809047e+00 -3.21267013e+00  4.38763070e+00 -1.46925519e+00  4.70003367e+01  2.04754648e+00  2.58730431e+00 -4.84031515e+00]
     [-6.84762111e+00 -1.48644045e+00  1.51800933e+00  3.70403932e+00  7.08190726e+00  0.00000000e+00 -4.68256038e+00 -9.20303003e-01 -7.02698057e+00  1.11085323e-02  5.79003768e+00  4.96220483e-01  2.04754648e+00  1.81711848e+01  3.31204767e+00 -4.86380119e-01]
     [ 5.94648749e-02  1.87794485e+00 -2.70737899e+00 -1.24529726e+00 -3.18933029e+00  4.68256038e+00  0.00000000e+00  5.13964732e+00  6.96969355e+00 -3.30192262e+00 -7.50284019e+00 -4.38527155e+00  2.58730431e+00  3.31204767e+00  5.18043603e+01 -1.69791890e+00]
     [ 8.74403168e-01  4.28735497e+00  6.90483849e-01 -1.11195291e+00  5.46174870e-01  9.20303003e-01 -5.13964732e+00  0.00000000e+00 -1.49948162e-01  4.23418898e-01 -6.36007065e+00  2.81296801e+00 -4.84031515e+00 -4.86380119e-01 -1.69791890e+00  1.05520419e+01]]
    eigvals of hessian_by_M_M: [ 3.79573804  3.79573804  7.02168774  7.02168774 10.47395383 10.47395383 14.58738039 14.58738039 28.24489407 28.24489407 38.14993336 38.14993336 50.75073851 50.75073851 67.23428575 67.23428575]
SSpiral(14):
    iter_times, elapsed_time, sqdiff: 300, 1.012929916381836, 4.63056716949087
    MSN: Tensor(
        [[-1.37652726-0.09073833j -1.13985645+0.23027554j  0.73918924-0.27432401j  0.31775145+0.13506823j]
         [-0.73753355-0.34896765j -0.65850445-0.48441957j -0.96763487-0.23532306j -0.10447814+1.45248218j]
         [ 0.78381893+0.47922473j  0.43145274+0.45394748j  0.27380476+1.28357511j  1.10551413-0.88183414j]
         [ 1.00396603-0.75322174j  0.59644664-0.60347263j  0.54407026+0.95024986j  0.01214965-0.71603708j]]
        labels=['kl', 'kr'],
        shape=(4, 4),
    )
    grad_by_reM_reM: Tensor(
        [ 6.21724894e-15-4.44089210e-16j -4.46864767e-15-2.22044605e-16j -7.77156117e-16+7.77156117e-16j  2.22044605e-16-1.11022302e-15j  6.88338275e-15-6.10622664e-16j  2.88657986e-15+1.11022302e-16j -2.72698530e-15+0.00000000e+00j -8.32667268e-15+5.55111512e-16j]
        labels=[('kl', 'EVRnVbHk')],
        shape=(8,),
    )
    grad_by_imM_imM: Tensor(
        [-4.44089210e-15-1.11022302e-16j -4.21884749e-15+7.49400542e-16j -6.43929354e-15-7.77156117e-16j  8.21565038e-15+8.88178420e-16j -2.33146835e-15+1.11022302e-15j  2.88657986e-15-6.66133815e-16j -3.55271368e-15+7.42461648e-16j -4.77395901e-15-7.77156117e-16j]
        labels=[('kl', 'EVRnVbHk')],
        shape=(8,),
    )
    hessian_by_M_M: [[ 18.7670395   -9.30903671  -2.1919774    2.28403869   0.76105623  -4.10946781   3.07056164  -1.16278412   0.          -3.03889074   2.41546981   1.93742622   1.99944304  -4.31007415   0.91572659   0.51907689]
     [ -9.30903671  11.41625787   0.48972543  -1.084075    -1.48753492   2.84851724  -3.6082281    1.83459302   3.03889074   0.          -3.61487424   0.3420925   -6.29389863   4.45352882   0.66382685   1.00566287]
     [ -2.1919774    0.48972543  14.68900578  -6.90876982   2.03969995   2.23784729  -4.7466888   -0.26291551  -2.41546981   3.61487424   0.          -2.86449029  -0.74140462   1.48789208  -1.62876655   0.49354413]
     [  2.28403869  -1.084075    -6.90876982   9.05123633  -2.17600967  -0.22680984   0.73907207   2.38838529  -1.93742622  -0.3420925    2.86449029   0.          -0.64226462   1.23931833   0.74365523  -0.65853947]
     [  0.76105623  -1.48753492   2.03969995  -2.17600967  21.90170409  -8.55234108   1.52556115  -2.90045937  -1.99944304   6.29389863   0.74140462   0.64226462   0.           2.52782946  -1.87513789   1.54539652]
     [ -4.10946781   2.84851724   2.23784729  -0.22680984  -8.55234108  11.81459198   0.43452223   0.53115467   4.31007415  -4.45352882  -1.48789208  -1.23931833  -2.52782946   0.           3.17221007  -1.29648827]
     [  3.07056164  -3.6082281   -4.7466888    0.73907207   1.52556115   0.43452223  25.87682488 -13.32163824  -0.91572659  -0.66382685   1.62876655  -0.74365523   1.87513789  -3.17221007   0.          -2.03520872]
     [ -1.16278412   1.83459302  -0.26291551   2.38838529  -2.90045937   0.53115467 -13.32163824  11.49882789  -0.51907689  -1.00566287  -0.49354413   0.65853947  -1.54539652   1.29648827   2.03520872   0.        ]
     [  0.           3.03889074  -2.41546981  -1.93742622  -1.99944304   4.31007415  -0.91572659  -0.51907689  18.7670395   -9.30903671  -2.1919774    2.28403869   0.76105623  -4.10946781   3.07056164  -1.16278412]
     [ -3.03889074   0.           3.61487424  -0.3420925    6.29389863  -4.45352882  -0.66382685  -1.00566287  -9.30903671  11.41625787   0.48972543  -1.084075    -1.48753492   2.84851724  -3.6082281    1.83459302]
     [  2.41546981  -3.61487424   0.           2.86449029   0.74140462  -1.48789208   1.62876655  -0.49354413  -2.1919774    0.48972543  14.68900578  -6.90876982   2.03969995   2.23784729  -4.7466888   -0.26291551]
     [  1.93742622   0.3420925   -2.86449029   0.           0.64226462  -1.23931833  -0.74365523   0.65853947   2.28403869  -1.084075    -6.90876982   9.05123633  -2.17600967  -0.22680984   0.73907207   2.38838529]
     [  1.99944304  -6.29389863  -0.74140462  -0.64226462   0.          -2.52782946   1.87513789  -1.54539652   0.76105623  -1.48753492   2.03969995  -2.17600967  21.90170409  -8.55234108   1.52556115  -2.90045937]
     [ -4.31007415   4.45352882   1.48789208   1.23931833   2.52782946   0.          -3.17221007   1.29648827  -4.10946781   2.84851724   2.23784729  -0.22680984  -8.55234108  11.81459198   0.43452223   0.53115467]
     [  0.91572659   0.66382685  -1.62876655   0.74365523  -1.87513789   3.17221007   0.           2.03520872   3.07056164  -3.6082281   -4.7466888    0.73907207   1.52556115   0.43452223  25.87682488 -13.32163824]
     [  0.51907689   1.00566287   0.49354413  -0.65853947   1.54539652  -1.29648827  -2.03520872   0.          -1.16278412   1.83459302  -0.26291551   2.38838529  -2.90045937   0.53115467 -13.32163824  11.49882789]]
    eigvals of hessian_by_M_M: [ 1.40438302  1.40438302  2.57467952  2.57467952  3.85389834  3.85389834  5.68617648  5.68617648 16.56775124 16.56775124 23.44494161 23.44494161 28.65707438 28.65707438 42.82658374 42.82658374]
SSpiral(17):
    iter_times, elapsed_time, sqdiff: 300, 0.994940996170044, 4.630567169490876
    MSN: Tensor(
        [[-1.37652726-0.09073832j -1.13985645+0.23027554j  0.73918924-0.27432402j  0.31775145+0.13506823j]
         [-0.73753355-0.34896766j -0.65850445-0.48441957j -0.96763487-0.23532306j -0.10447814+1.45248218j]
         [ 0.78381893+0.47922473j  0.43145275+0.45394748j  0.27380477+1.28357511j  1.10551414-0.88183416j]
         [ 1.00396603-0.75322174j  0.59644664-0.60347262j  0.54407026+0.95024987j  0.01214965-0.71603708j]]
        labels=['kl', 'kr'],
        shape=(4, 4),
    )
    grad_by_reM_reM: Tensor(
        [ 1.68931479e-09+6.24500451e-17j  2.84073193e-08+9.43689571e-16j  1.84355681e-09+5.55111512e-17j  2.95142532e-08-1.24900090e-16j  1.11145334e-09+1.11022302e-16j -9.08761022e-09-3.33066907e-16j -2.57019303e-09+6.24500451e-17j  2.75469336e-09+4.44089210e-16j]
        labels=[('kl', 'EVRnVbHk')],
        shape=(8,),
    )
    grad_by_imM_imM: Tensor(
        [-1.73342016e-09+1.38777878e-17j -2.10600942e-09-1.11022302e-16j -6.04341410e-10+1.04083409e-16j  4.81862912e-09+3.33066907e-16j  3.89390806e-09+1.56125113e-16j  4.94015641e-08-4.44089210e-16j -4.19537127e-09+1.38777878e-16j -5.71473713e-08+6.66133815e-16j]
        labels=[('kl', 'EVRnVbHk')],
        shape=(8,),
    )
    hessian_by_M_M: [[ 5.57411625e-01  1.33551972e+00 -7.33036101e-02 -3.19378444e-01 -9.64982570e-02 -4.65572848e-01  1.26638099e-02  8.01174408e-02  0.00000000e+00  6.29123840e-01  6.42099238e-02 -3.58555575e-01 -1.87246629e-01 -4.52607625e-01  1.48710455e-01  2.47817092e-01]
     [ 1.33551972e+00  1.58595607e+01  9.30315766e-02 -1.68212550e-01 -1.67352094e-01  2.83874859e+00  2.26502762e-01  3.18300121e+00 -6.29123840e-01  0.00000000e+00  9.18590480e-01  1.28557343e+00 -4.40969572e-01  5.10436953e+00 -3.73535866e-02 -2.39173289e-01]
     [-7.33036101e-02  9.30315766e-02  4.80003807e-01  1.06179890e+00  6.12081698e-02  2.12301937e-02 -8.36051746e-02 -8.31710754e-01 -6.42099238e-02 -9.18590480e-01  0.00000000e+00  5.31194468e-01  9.14553928e-02 -4.90990645e-01 -5.44450137e-02 -1.54577122e-01]
     [-3.19378444e-01 -1.68212550e-01  1.06179890e+00  1.19665402e+01  7.10083494e-01  2.00850423e+00 -1.02711002e+00 -2.65189113e+00  3.58555575e-01 -1.28557343e+00 -5.31194468e-01  0.00000000e+00  7.17280426e-02 -1.89493299e+00 -1.52676638e-01 -1.06253277e+00]
     [-9.64982570e-02 -1.67352094e-01  6.12081698e-02  7.10083494e-01  6.70002549e-01  1.96035174e+00  7.26826802e-04  6.35692256e-01  1.87246629e-01  4.40969572e-01 -9.14553928e-02 -7.17280426e-02  0.00000000e+00 -7.75015975e-01  2.96198751e-02  2.85501687e-01]
     [-4.65572848e-01  2.83874859e+00  2.12301937e-02  2.00850423e+00  1.96035174e+00  2.16868326e+01 -4.57370318e-01  9.51516018e-01  4.52607625e-01 -5.10436953e+00  4.90990645e-01  1.89493299e+00  7.75015975e-01  0.00000000e+00 -2.43381901e-01 -1.13623886e+00]
     [ 1.26638099e-02  2.26502762e-01 -8.36051746e-02 -1.02711002e+00  7.26826802e-04 -4.57370318e-01  5.20323313e-01  2.15076843e+00 -1.48710455e-01  3.73535866e-02  5.44450137e-02  1.52676638e-01 -2.96198751e-02  2.43381901e-01  0.00000000e+00  7.60617514e-01]
     [ 8.01174408e-02  3.18300121e+00 -8.31710754e-01 -2.65189113e+00  6.35692256e-01  9.51516018e-01  2.15076843e+00  2.25427790e+01 -2.47817092e-01  2.39173289e-01  1.54577122e-01  1.06253277e+00 -2.85501687e-01  1.13623886e+00 -7.60617514e-01  0.00000000e+00]
     [ 0.00000000e+00 -6.29123840e-01 -6.42099238e-02  3.58555575e-01  1.87246629e-01  4.52607625e-01 -1.48710455e-01 -2.47817092e-01  5.57411625e-01  1.33551972e+00 -7.33036101e-02 -3.19378444e-01 -9.64982570e-02 -4.65572848e-01  1.26638099e-02  8.01174408e-02]
     [ 6.29123840e-01  0.00000000e+00 -9.18590480e-01 -1.28557343e+00  4.40969572e-01 -5.10436953e+00  3.73535866e-02  2.39173289e-01  1.33551972e+00  1.58595607e+01  9.30315766e-02 -1.68212550e-01 -1.67352094e-01  2.83874859e+00  2.26502762e-01  3.18300121e+00]
     [ 6.42099238e-02  9.18590480e-01  0.00000000e+00 -5.31194468e-01 -9.14553928e-02  4.90990645e-01  5.44450137e-02  1.54577122e-01 -7.33036101e-02  9.30315766e-02  4.80003807e-01  1.06179890e+00  6.12081698e-02  2.12301937e-02 -8.36051746e-02 -8.31710754e-01]
     [-3.58555575e-01  1.28557343e+00  5.31194468e-01  0.00000000e+00 -7.17280426e-02  1.89493299e+00  1.52676638e-01  1.06253277e+00 -3.19378444e-01 -1.68212550e-01  1.06179890e+00  1.19665402e+01  7.10083494e-01  2.00850423e+00 -1.02711002e+00 -2.65189113e+00]
     [-1.87246629e-01 -4.40969572e-01  9.14553928e-02  7.17280426e-02  0.00000000e+00  7.75015975e-01 -2.96198751e-02 -2.85501687e-01 -9.64982570e-02 -1.67352094e-01  6.12081698e-02  7.10083494e-01  6.70002549e-01  1.96035174e+00  7.26826802e-04  6.35692256e-01]
     [-4.52607625e-01  5.10436953e+00 -4.90990645e-01 -1.89493299e+00 -7.75015975e-01  0.00000000e+00  2.43381901e-01  1.13623886e+00 -4.65572848e-01  2.83874859e+00  2.12301937e-02  2.00850423e+00  1.96035174e+00  2.16868326e+01 -4.57370318e-01  9.51516018e-01]
     [ 1.48710455e-01 -3.73535866e-02 -5.44450137e-02 -1.52676638e-01  2.96198751e-02 -2.43381901e-01  0.00000000e+00 -7.60617514e-01  1.26638099e-02  2.26502762e-01 -8.36051746e-02 -1.02711002e+00  7.26826802e-04 -4.57370318e-01  5.20323313e-01  2.15076843e+00]
     [ 2.47817092e-01 -2.39173289e-01 -1.54577122e-01 -1.06253277e+00  2.85501687e-01 -1.13623886e+00  7.60617514e-01  0.00000000e+00  8.01174408e-02  3.18300121e+00 -8.31710754e-01 -2.65189113e+00  6.35692256e-01  9.51516018e-01  2.15076843e+00  2.25427790e+01]]
    eigvals of hessian_by_M_M: [ 0.12593691  0.12593691  0.23692333  0.23692333  0.32685867  0.32685867  0.4753108   0.4753108  10.58851966 10.58851966 12.62210311 12.62210311 21.62651889 21.62651889 28.28128242 28.28128242]
SSpiral(20):
    iter_times, elapsed_time, sqdiff: 300, 0.9946208000183105, 4.630567169490876
    MSN: Tensor(
        [[-1.37652726-0.09073833j -1.13985645+0.23027554j  0.73918924-0.27432401j  0.31775145+0.13506823j]
         [-0.73753355-0.34896765j -0.65850445-0.48441957j -0.96763487-0.23532306j -0.10447814+1.45248218j]
         [ 0.78381893+0.47922473j  0.43145274+0.45394748j  0.27380476+1.28357511j  1.10551413-0.88183414j]
         [ 1.00396603-0.75322174j  0.59644664-0.60347263j  0.54407026+0.95024986j  0.01214965-0.71603708j]]
        labels=['kl', 'kr'],
        shape=(4, 4),
    )
    grad_by_reM_reM: Tensor(
        [-9.43689571e-15-4.44089210e-16j -2.13717932e-15-1.38777878e-15j -4.66293670e-15-3.33066907e-16j -3.66373598e-15-5.55111512e-17j -1.70974346e-14+0.00000000e+00j -6.88338275e-15-1.05471187e-15j  6.32827124e-15+4.44089210e-16j -1.40998324e-14+1.05471187e-15j]
        labels=[('kl', 'EVRnVbHk')],
        shape=(8,),
    )
    grad_by_imM_imM: Tensor(
        [ 8.65973959e-15+6.10622664e-16j -5.55111512e-17-4.71844785e-16j  2.10942375e-15-2.22044605e-16j  1.49324997e-14+3.33066907e-16j -5.99520433e-15+2.22044605e-16j  7.16093851e-15-6.66133815e-16j -1.28785871e-14+1.22124533e-15j -4.38538095e-15-4.44089210e-16j]
        labels=[('kl', 'EVRnVbHk')],
        shape=(8,),
    )
    hessian_by_M_M: [[ 2.25245379e+01  2.49482104e-01 -3.69574757e+00  2.80757758e+00 -2.11244254e-02 -6.96002713e+00  3.28887630e+00  1.77805217e+00  0.00000000e+00 -4.69669008e+00  3.15482915e+00  3.61132951e+00  8.44192282e-01 -2.34377299e+00  1.86795563e+00  1.38549695e+00]
     [ 2.49482104e-01  1.18559059e+01  3.96475858e-01  3.40050969e-01  1.61596778e+00  3.56445696e-01 -3.55661900e+00  2.88471051e-01  4.69669008e+00  0.00000000e+00 -3.07855562e+00  3.57889147e-02 -7.48551103e+00 -9.02628248e-01  3.13000762e-01  3.17131085e+00]
     [-3.69574757e+00  3.96475858e-01  1.79513514e+01  4.47915619e-01  1.93737272e+00  5.56656679e+00 -5.44694616e+00 -4.17295281e+00 -3.15482915e+00  3.07855562e+00  0.00000000e+00 -4.66829260e+00  3.20886712e-01 -2.74483318e-01 -2.09066673e+00 -5.26229778e-03]
     [ 2.80757758e+00  3.40050969e-01  4.47915619e-01  1.01036283e+01 -1.27620876e+00  1.06029028e+00 -2.63139805e+00  2.20539458e+00 -3.61132951e+00 -3.57889147e-02  4.66829260e+00  0.00000000e+00 -2.01717287e+00  2.08264176e+00 -3.08071767e-01 -7.30390235e-01]
     [-2.11244254e-02  1.61596778e+00  1.93737272e+00 -1.27620876e+00  2.38430642e+01  6.48600059e+00  1.96965786e+00 -1.95086169e+00 -8.44192282e-01  7.48551103e+00 -3.20886712e-01  2.01717287e+00  0.00000000e+00  8.78404648e-01 -2.58478910e+00  1.99763687e+00]
     [-6.96002713e+00  3.56445696e-01  5.56656679e+00  1.06029028e+00  6.48600059e+00  1.73523937e+01  1.56200095e-01 -8.63605884e-01  2.34377299e+00  9.02628248e-01  2.74483318e-01 -2.08264176e+00 -8.78404648e-01  0.00000000e+00  3.15011623e+00  1.74189923e+00]
     [ 3.28887630e+00 -3.55661900e+00 -5.44694616e+00 -2.63139805e+00  1.96965786e+00  1.56200095e-01  2.96859828e+01  8.51459100e-01 -1.86795563e+00 -3.13000762e-01  2.09066673e+00  3.08071767e-01  2.58478910e+00 -3.15011623e+00  0.00000000e+00 -1.89564450e+00]
     [ 1.77805217e+00  2.88471051e-01 -4.17295281e+00  2.20539458e+00 -1.95086169e+00 -8.63605884e-01  8.51459100e-01  8.22799570e+00 -1.38549695e+00 -3.17131085e+00  5.26229778e-03  7.30390235e-01 -1.99763687e+00 -1.74189923e+00  1.89564450e+00  0.00000000e+00]
     [ 0.00000000e+00  4.69669008e+00 -3.15482915e+00 -3.61132951e+00 -8.44192282e-01  2.34377299e+00 -1.86795563e+00 -1.38549695e+00  2.25245379e+01  2.49482104e-01 -3.69574757e+00  2.80757758e+00 -2.11244254e-02 -6.96002713e+00  3.28887630e+00  1.77805217e+00]
     [-4.69669008e+00  0.00000000e+00  3.07855562e+00 -3.57889147e-02  7.48551103e+00  9.02628248e-01 -3.13000762e-01 -3.17131085e+00  2.49482104e-01  1.18559059e+01  3.96475858e-01  3.40050969e-01  1.61596778e+00  3.56445696e-01 -3.55661900e+00  2.88471051e-01]
     [ 3.15482915e+00 -3.07855562e+00  0.00000000e+00  4.66829260e+00 -3.20886712e-01  2.74483318e-01  2.09066673e+00  5.26229778e-03 -3.69574757e+00  3.96475858e-01  1.79513514e+01  4.47915619e-01  1.93737272e+00  5.56656679e+00 -5.44694616e+00 -4.17295281e+00]
     [ 3.61132951e+00  3.57889147e-02 -4.66829260e+00  0.00000000e+00  2.01717287e+00 -2.08264176e+00  3.08071767e-01  7.30390235e-01  2.80757758e+00  3.40050969e-01  4.47915619e-01  1.01036283e+01 -1.27620876e+00  1.06029028e+00 -2.63139805e+00  2.20539458e+00]
     [ 8.44192282e-01 -7.48551103e+00  3.20886712e-01 -2.01717287e+00  0.00000000e+00 -8.78404648e-01  2.58478910e+00 -1.99763687e+00 -2.11244254e-02  1.61596778e+00  1.93737272e+00 -1.27620876e+00  2.38430642e+01  6.48600059e+00  1.96965786e+00 -1.95086169e+00]
     [-2.34377299e+00 -9.02628248e-01 -2.74483318e-01  2.08264176e+00  8.78404648e-01  0.00000000e+00 -3.15011623e+00 -1.74189923e+00 -6.96002713e+00  3.56445696e-01  5.56656679e+00  1.06029028e+00  6.48600059e+00  1.73523937e+01  1.56200095e-01 -8.63605884e-01]
     [ 1.86795563e+00  3.13000762e-01 -2.09066673e+00 -3.08071767e-01 -2.58478910e+00  3.15011623e+00  0.00000000e+00  1.89564450e+00  3.28887630e+00 -3.55661900e+00 -5.44694616e+00 -2.63139805e+00  1.96965786e+00  1.56200095e-01  2.96859828e+01  8.51459100e-01]
     [ 1.38549695e+00  3.17131085e+00 -5.26229778e-03 -7.30390235e-01  1.99763687e+00  1.74189923e+00 -1.89564450e+00  0.00000000e+00  1.77805217e+00  2.88471051e-01 -4.17295281e+00  2.20539458e+00 -1.95086169e+00 -8.63605884e-01  8.51459100e-01  8.22799570e+00]]
    eigvals of hessian_by_M_M: [ 2.71931327  2.71931327  4.98662466  4.98662466  8.0578821   8.0578821  11.2999469  11.2999469  17.91498166 17.91498166 24.1031899  24.1031899  32.57198511 32.57198511 39.89093633 39.89093633]
