b=4, chi=2, seed=890, 
NOR:
    iter_times, elapsed_time, sqdiff: 300, 0.7554059028625488, 1.6713751428448367
    MSN: Tensor(
        [[ 0.52260474+0.02706413j -0.37548011-0.62067584j -0.21197937+0.88077447j -0.70165664-0.71151642j]
         [-0.31025591+0.96140227j -0.08538668-0.09980797j  0.55601231-0.68718926j  0.67755382-0.7942624j ]
         [-0.90741083+0.51758937j  0.27931834-1.02652742j  0.17978385+0.99150995j  1.28733429-0.74264545j]
         [ 0.49160376-0.7032245j   0.05165312+0.64761277j -0.42272518-0.33899799j -0.75891393+0.85371579j]]
        labels=['kl', 'kr'],
        shape=(4, 4),
    )
    grad_by_reM_reM: Tensor(
        [ 4.21884749e-15+6.48786580e-16j  6.42194631e-15-7.21644966e-16j -3.35842465e-15-1.11022302e-16j -2.22044605e-15-2.35922393e-16j  7.04991621e-15+3.33066907e-16j -2.70616862e-16+2.22044605e-16j  6.24500451e-15+1.87350135e-16j  7.03603842e-15-1.28716482e-15j]
        labels=[('kl', 'RdhQJJDP')],
        shape=(8,),
    )
    grad_by_imM_imM: Tensor(
        [ 3.45209972e-15-6.66133815e-16j  6.49480469e-15-1.76941795e-16j -1.38777878e-16+8.04911693e-16j  3.70536934e-15-4.44089210e-16j  9.43689571e-16+1.33226763e-15j -8.60422844e-15-6.31439345e-16j  1.70349845e-14+8.32667268e-17j -2.05044315e-15+2.77555756e-17j]
        labels=[('kl', 'RdhQJJDP')],
        shape=(8,),
    )
    hessian_by_M_M: [[ 41.773023    -0.3941987   14.34509827   2.77376763   8.55985052   5.77394592 -10.25517159  -0.16627365   0.           2.960743     6.01920753   3.08090875  -0.98205374  -1.48258296  -2.32847158   6.27565488]
     [ -0.3941987   26.31913695   9.32116517  -0.3471728    2.12799053   1.69046407   7.35285805   1.73181075  -2.960743     0.          -4.19743463   8.9048086    9.52459303  -7.18127633  -4.88698258   5.0198334 ]
     [ 14.34509827   9.32116517  54.65152368  -1.92888256   3.73970457   0.29757412   1.15729386  -1.8131726   -6.01920753   4.19743463   0.           3.80061761  -2.61106033  -7.45814762   3.74637763   4.51604763]
     [  2.77376763  -0.3471728   -1.92888256  16.5688611   -7.09369897   2.6564493    6.278612    -0.17648272  -3.08090875  -8.9048086   -3.80061761   0.         -10.09309233  -4.18711594  -5.89602918  -4.36043692]
     [  8.55985052   2.12799053   3.73970457  -7.09369897  49.38275126  -1.35770602 -10.03447006  -3.15474251   0.98205374  -9.52459303   2.61106033  10.09309233   0.           1.27626346   7.46347571   6.68841778]
     [  5.77394592   1.69046407   0.29757412   2.6564493   -1.35770602  34.01010908   6.62588335  -4.05294934   1.48258296   7.18127633   7.45814762   4.18711594  -1.27626346   0.           6.52061879  -5.60030294]
     [-10.25517159   7.35285805   1.15729386   6.278612   -10.03447006   6.62588335  51.11962115 -10.94308595   2.32847158   4.88698258  -3.74637763   5.89602918  -7.46347571  -6.52061879   0.          -9.5230205 ]
     [ -0.16627365   1.73181075  -1.8131726   -0.17648272  -3.15474251  -4.05294934 -10.94308595  33.99479728  -6.27565488  -5.0198334   -4.51604763   4.36043692  -6.68841778   5.60030294   9.5230205    0.        ]
     [  0.          -2.960743    -6.01920753  -3.08090875   0.98205374   1.48258296   2.32847158  -6.27565488  41.773023    -0.3941987   14.34509827   2.77376763   8.55985052   5.77394592 -10.25517159  -0.16627365]
     [  2.960743     0.           4.19743463  -8.9048086   -9.52459303   7.18127633   4.88698258  -5.0198334   -0.3941987   26.31913695   9.32116517  -0.3471728    2.12799053   1.69046407   7.35285805   1.73181075]
     [  6.01920753  -4.19743463   0.          -3.80061761   2.61106033   7.45814762  -3.74637763  -4.51604763  14.34509827   9.32116517  54.65152368  -1.92888256   3.73970457   0.29757412   1.15729386  -1.8131726 ]
     [  3.08090875   8.9048086    3.80061761   0.          10.09309233   4.18711594   5.89602918   4.36043692   2.77376763  -0.3471728   -1.92888256  16.5688611   -7.09369897   2.6564493    6.278612    -0.17648272]
     [ -0.98205374   9.52459303  -2.61106033 -10.09309233   0.          -1.27626346  -7.46347571  -6.68841778   8.55985052   2.12799053   3.73970457  -7.09369897  49.38275126  -1.35770602 -10.03447006  -3.15474251]
     [ -1.48258296  -7.18127633  -7.45814762  -4.18711594   1.27626346   0.          -6.52061879   5.60030294   5.77394592   1.69046407   0.29757412   2.6564493   -1.35770602  34.01010908   6.62588335  -4.05294934]
     [ -2.32847158  -4.88698258   3.74637763  -5.89602918   7.46347571   6.52061879   0.           9.5230205  -10.25517159   7.35285805   1.15729386   6.278612   -10.03447006   6.62588335  51.11962115 -10.94308595]
     [  6.27565488   5.0198334    4.51604763  -4.36043692   6.68841778  -5.60030294  -9.5230205    0.          -0.16627365   1.73181075  -1.8131726   -0.17648272  -3.15474251  -4.05294934 -10.94308595  33.99479728]]
    eigvals of hessian_by_M_M: [ 4.2891269   4.2891269  12.40165191 12.40165191 21.40586256 21.40586256 32.53133796 32.53133796 36.12270834 36.12270834 50.40545062 50.40545062 70.84084546 70.84084546 79.82283974 79.82283974]
WCOR:
    iter_times, elapsed_time, sqdiff: 300, 0.7628238201141357, 1.6713751428448345
    MSN: Tensor(
        [[ 0.52260474+0.02706413j -0.37548011-0.62067584j -0.21197937+0.88077447j -0.70165664-0.71151642j]
         [-0.31025591+0.96140227j -0.08538668-0.09980797j  0.55601231-0.68718926j  0.67755382-0.7942624j ]
         [-0.90741083+0.51758937j  0.27931834-1.02652742j  0.17978385+0.99150995j  1.28733429-0.74264545j]
         [ 0.49160376-0.7032245j   0.05165312+0.64761277j -0.42272518-0.33899799j -0.75891393+0.85371579j]]
        labels=['kl', 'kr'],
        shape=(4, 4),
    )
    grad_by_reM_reM: Tensor(
        [ 7.77156117e-16+8.36136715e-16j  6.04377659e-15+3.05311332e-16j -1.47382107e-14+2.42861287e-16j -2.15105711e-16-3.88578059e-16j -1.11854970e-14-1.24900090e-15j -6.93889390e-17-1.11022302e-16j  1.91513472e-15-1.52655666e-16j -4.73059092e-15-7.00828284e-16j]
        labels=[('kl', 'RdhQJJDP')],
        shape=(8,),
    )
    grad_by_imM_imM: Tensor(
        [ 7.48359708e-15-7.21644966e-16j -1.84852134e-14+1.07552856e-16j -6.52949916e-15+6.93889390e-16j -1.97064587e-15+4.51028104e-16j  5.63438185e-15-9.71445147e-16j -8.14626144e-15+4.16333634e-16j -8.95117314e-15+4.16333634e-16j -1.60288449e-15+3.03576608e-16j]
        labels=[('kl', 'RdhQJJDP')],
        shape=(8,),
    )
    hessian_by_M_M: [[ 37.45666822   2.84746971  12.81409973   3.91716279   8.69764751   5.31920143  -9.78637305  -1.25335234   0.          -2.10021766   5.01955398   2.56734371  -0.45547897  -1.81605871  -2.53358155   6.10075658]
     [  2.84746971  22.40350248   7.58426945  -0.08656141   3.87753116   2.7899912    5.18650963   0.88561253   2.10021766   0.          -2.85740444   7.10287757   8.56584812  -5.44502349  -5.61750723   3.75504225]
     [ 12.81409973   7.58426945  48.82938178   1.88088197   3.0222519    0.82080431   0.47966345  -2.0137199   -5.01955398   2.85740444   0.          -1.84737975  -2.39375312  -7.13962114   2.77995941   3.74666738]
     [  3.91716279  -0.08656141   1.88088197  13.91764207  -6.35685775   1.75102844   4.93699283  -0.71169466  -2.56734371  -7.10287757   1.84737975   0.          -7.95972676  -3.94127379  -5.63432138  -4.38262442]
     [  8.69764751   3.87753116   3.0222519   -6.35685775  44.54152856   2.92478663  -8.99609837  -3.94423852   0.45547897  -8.56584812   2.39375312   7.95972676   0.          -4.68940902   6.43518367   6.70695469]
     [  5.31920143   2.7899912    0.82080431   1.75102844   2.92478663  29.20957574   5.42118678  -3.39624072   1.81605871   5.44502349   7.13962114   3.94127379   4.68940902   0.           4.28401491  -4.77834682]
     [ -9.78637305   5.18650963   0.47966345   4.93699283  -8.99609837   5.42118678  46.99636924  -4.17135226   2.53358155   5.61750723  -2.77995941   5.63432138  -6.43518367  -4.28401491   0.         -15.14813327]
     [ -1.25335234   0.88561253  -2.0137199   -0.71169466  -3.94423852  -3.39624072  -4.17135226  29.88863155  -6.10075658  -3.75504225  -3.74666738   4.38262442  -6.70695469   4.77834682  15.14813327   0.        ]
     [  0.           2.10021766  -5.01955398  -2.56734371   0.45547897   1.81605871   2.53358155  -6.10075658  37.45666822   2.84746971  12.81409973   3.91716279   8.69764751   5.31920143  -9.78637305  -1.25335234]
     [ -2.10021766   0.           2.85740444  -7.10287757  -8.56584812   5.44502349   5.61750723  -3.75504225   2.84746971  22.40350248   7.58426945  -0.08656141   3.87753116   2.7899912    5.18650963   0.88561253]
     [  5.01955398  -2.85740444   0.           1.84737975   2.39375312   7.13962114  -2.77995941  -3.74666738  12.81409973   7.58426945  48.82938178   1.88088197   3.0222519    0.82080431   0.47966345  -2.0137199 ]
     [  2.56734371   7.10287757  -1.84737975   0.           7.95972676   3.94127379   5.63432138   4.38262442   3.91716279  -0.08656141   1.88088197  13.91764207  -6.35685775   1.75102844   4.93699283  -0.71169466]
     [ -0.45547897   8.56584812  -2.39375312  -7.95972676   0.           4.68940902  -6.43518367  -6.70695469   8.69764751   3.87753116   3.0222519   -6.35685775  44.54152856   2.92478663  -8.99609837  -3.94423852]
     [ -1.81605871  -5.44502349  -7.13962114  -3.94127379  -4.68940902   0.          -4.28401491   4.77834682   5.31920143   2.7899912    0.82080431   1.75102844   2.92478663  29.20957574   5.42118678  -3.39624072]
     [ -2.53358155  -5.61750723   2.77995941  -5.63432138   6.43518367   4.28401491   0.          15.14813327  -9.78637305   5.18650963   0.47966345   4.93699283  -8.99609837   5.42118678  46.99636924  -4.17135226]
     [  6.10075658   3.75504225   3.74666738  -4.38262442   6.70695469  -4.77834682 -15.14813327   0.          -1.25335234   0.88561253  -2.0137199   -0.71169466  -3.94423852  -3.39624072  -4.17135226  29.88863155]]
    eigvals of hessian_by_M_M: [ 3.6539579   3.6539579  10.66445107 10.66445107 17.60390198 17.60390198 26.97787478 26.97787478 32.44843294 32.44843294 45.67250947 45.67250947 61.19703574 61.19703574 75.02513576 75.02513576]
WROR:
    iter_times, elapsed_time, sqdiff: 300, 0.6638002395629883, 1.6713751428448376
    MSN: Tensor(
        [[ 0.52260474+0.02706413j -0.37548011-0.62067584j -0.21197937+0.88077447j -0.70165664-0.71151642j]
         [-0.31025591+0.96140227j -0.08538668-0.09980797j  0.55601231-0.68718926j  0.67755382-0.7942624j ]
         [-0.90741083+0.51758937j  0.27931834-1.02652742j  0.17978385+0.99150995j  1.28733429-0.74264545j]
         [ 0.49160376-0.7032245j   0.05165312+0.64761277j -0.42272518-0.33899799j -0.75891393+0.85371579j]]
        labels=['kl', 'kr'],
        shape=(4, 4),
    )
    grad_by_reM_reM: Tensor(
        [ 1.36252121e-13-9.62771529e-16j  3.14470672e-14+2.91433544e-16j -3.34871020e-14-7.21644966e-16j -2.08583151e-14+1.66533454e-16j -4.79893902e-14-6.24500451e-16j -5.19757848e-14-1.18568350e-15j -3.96627176e-14-8.32667268e-16j -5.49491008e-14+1.11022302e-16j]
        labels=[('kl', 'RdhQJJDP')],
        shape=(8,),
    )
    grad_by_imM_imM: Tensor(
        [ 1.09634524e-15+6.10622664e-16j -3.15442117e-14+1.58206781e-15j -9.41746681e-14+6.38378239e-16j -3.28764793e-14+5.13478149e-16j -2.76306755e-14-1.08246745e-15j  1.21517379e-15+1.07552856e-16j -8.53483950e-14+6.38378239e-16j  2.32591724e-14+4.64905892e-16j]
        labels=[('kl', 'RdhQJJDP')],
        shape=(8,),
    )
    hessian_by_M_M: [[ 3.69725844e+01  1.25636592e+01  8.83507816e+00  7.13482496e+00  1.17270981e+01  5.17421053e+00 -1.24990715e+01 -4.46910145e+00  0.00000000e+00 -1.61207696e+01  4.04758384e+00  3.12328498e+00 -7.24064804e-01 -4.05543850e+00 -3.92834814e+00  6.48430511e+00]
     [ 1.25636592e+01  2.71261930e+01  3.35104744e+00  2.79873502e-01  1.01645876e+01  6.68898241e+00 -2.47380741e-01 -2.24578635e+00  1.61207696e+01  0.00000000e+00 -1.06687951e+00  6.78958965e+00  8.02574057e+00 -4.82202708e+00 -8.44017428e+00  2.21568442e+00]
     [ 8.83507816e+00  3.35104744e+00  4.49973358e+01  1.19894921e+01  2.52172078e+00  2.14950025e+00 -3.20801498e+00 -5.10809165e+00 -4.04758384e+00  1.06687951e+00  0.00000000e+00 -1.49420509e+01 -4.12996423e-02 -7.02031820e+00 -9.75184247e-01  2.44842622e+00]
     [ 7.13482496e+00  2.79873502e-01  1.19894921e+01  1.87386960e+01 -5.35642625e+00  1.38480717e+00  3.18965217e+00 -2.77122958e+00 -3.12328498e+00 -6.78958965e+00  1.49420509e+01  0.00000000e+00 -3.72318889e+00 -3.66662333e+00 -7.61119501e+00 -6.22511620e+00]
     [ 1.17270981e+01  1.01645876e+01  2.52172078e+00 -5.35642625e+00  4.60251772e+01  1.59706798e+01 -9.07164223e+00 -8.63403925e+00  7.24064804e-01 -8.02574057e+00  4.12996423e-02  3.72318889e+00  0.00000000e+00 -2.23396619e+01  1.19010137e+00  6.64422953e+00]
     [ 5.17421053e+00  6.68898241e+00  2.14950025e+00  1.38480717e+00  1.59706798e+01  3.59268248e+01  4.87587463e+00 -4.57536302e+00  4.05543850e+00  4.82202708e+00  7.02031820e+00  3.66662333e+00  2.23396619e+01  0.00000000e+00 -1.78689658e+00 -6.00232368e+00]
     [-1.24990715e+01 -2.47380741e-01 -3.20801498e+00  3.18965217e+00 -9.07164223e+00  4.87587463e+00  5.59855527e+01  1.54774942e+01  3.92834814e+00  8.44017428e+00  9.75184247e-01  7.61119501e+00 -1.19010137e+00  1.78689658e+00  0.00000000e+00 -3.49930275e+01]
     [-4.46910145e+00 -2.24578635e+00 -5.10809165e+00 -2.77122958e+00 -8.63403925e+00 -4.57536302e+00  1.54774942e+01  4.07907862e+01 -6.48430511e+00 -2.21568442e+00 -2.44842622e+00  6.22511620e+00 -6.64422953e+00  6.00232368e+00  3.49930275e+01  0.00000000e+00]
     [ 0.00000000e+00  1.61207696e+01 -4.04758384e+00 -3.12328498e+00  7.24064804e-01  4.05543850e+00  3.92834814e+00 -6.48430511e+00  3.69725844e+01  1.25636592e+01  8.83507816e+00  7.13482496e+00  1.17270981e+01  5.17421053e+00 -1.24990715e+01 -4.46910145e+00]
     [-1.61207696e+01  0.00000000e+00  1.06687951e+00 -6.78958965e+00 -8.02574057e+00  4.82202708e+00  8.44017428e+00 -2.21568442e+00  1.25636592e+01  2.71261930e+01  3.35104744e+00  2.79873502e-01  1.01645876e+01  6.68898241e+00 -2.47380741e-01 -2.24578635e+00]
     [ 4.04758384e+00 -1.06687951e+00  0.00000000e+00  1.49420509e+01  4.12996423e-02  7.02031820e+00  9.75184247e-01 -2.44842622e+00  8.83507816e+00  3.35104744e+00  4.49973358e+01  1.19894921e+01  2.52172078e+00  2.14950025e+00 -3.20801498e+00 -5.10809165e+00]
     [ 3.12328498e+00  6.78958965e+00 -1.49420509e+01  0.00000000e+00  3.72318889e+00  3.66662333e+00  7.61119501e+00  6.22511620e+00  7.13482496e+00  2.79873502e-01  1.19894921e+01  1.87386960e+01 -5.35642625e+00  1.38480717e+00  3.18965217e+00 -2.77122958e+00]
     [-7.24064804e-01  8.02574057e+00 -4.12996423e-02 -3.72318889e+00  0.00000000e+00  2.23396619e+01 -1.19010137e+00 -6.64422953e+00  1.17270981e+01  1.01645876e+01  2.52172078e+00 -5.35642625e+00  4.60251772e+01  1.59706798e+01 -9.07164223e+00 -8.63403925e+00]
     [-4.05543850e+00 -4.82202708e+00 -7.02031820e+00 -3.66662333e+00 -2.23396619e+01  0.00000000e+00  1.78689658e+00  6.00232368e+00  5.17421053e+00  6.68898241e+00  2.14950025e+00  1.38480717e+00  1.59706798e+01  3.59268248e+01  4.87587463e+00 -4.57536302e+00]
     [-3.92834814e+00 -8.44017428e+00 -9.75184247e-01 -7.61119501e+00  1.19010137e+00 -1.78689658e+00  0.00000000e+00  3.49930275e+01 -1.24990715e+01 -2.47380741e-01 -3.20801498e+00  3.18965217e+00 -9.07164223e+00  4.87587463e+00  5.59855527e+01  1.54774942e+01]
     [ 6.48430511e+00  2.21568442e+00  2.44842622e+00 -6.22511620e+00  6.64422953e+00 -6.00232368e+00 -3.49930275e+01  0.00000000e+00 -4.46910145e+00 -2.24578635e+00 -5.10809165e+00 -2.77122958e+00 -8.63403925e+00 -4.57536302e+00  1.54774942e+01  4.07907862e+01]]
    eigvals of hessian_by_M_M: [  2.37431541   2.37431541   5.79215706   5.79215706   8.87287682   8.87287682  15.23816543  15.23816543  40.41172162  40.41172162  55.29956416  55.29956416  70.28574287  70.28574287 108.28860672 108.28860672]
IWROR:
    iter_times, elapsed_time, sqdiff: 300, 0.6470170021057129, 1.6713751428448367
    MSN: Tensor(
        [[ 0.52260474+0.02706413j -0.37548011-0.62067584j -0.21197937+0.88077447j -0.70165664-0.71151642j]
         [-0.31025591+0.96140227j -0.08538668-0.09980797j  0.55601231-0.68718926j  0.67755382-0.7942624j ]
         [-0.90741083+0.51758937j  0.27931834-1.02652742j  0.17978385+0.99150995j  1.28733429-0.74264545j]
         [ 0.49160376-0.7032245j   0.05165312+0.64761277j -0.42272518-0.33899799j -0.75891393+0.85371579j]]
        labels=['kl', 'kr'],
        shape=(4, 4),
    )
    grad_by_reM_reM: Tensor(
        [-3.72896158e-14+7.62410968e-16j  1.26218480e-14+1.45716772e-16j  3.45834472e-14+3.46944695e-17j  1.42594270e-14-1.73472348e-16j  2.19546603e-14-1.09634524e-15j  2.84668122e-15+9.15933995e-16j  3.38062911e-14+8.11850587e-16j  2.23258911e-14-1.02001740e-15j]
        labels=[('kl', 'RdhQJJDP')],
        shape=(8,),
    )
    grad_by_imM_imM: Tensor(
        [ 2.10968396e-14-4.85722573e-16j  2.29469221e-14+3.67761377e-16j -1.21361254e-14+5.27355937e-16j -1.94982919e-15-5.48172618e-16j -8.59035065e-15+5.82867088e-16j -3.29319905e-14+6.74807432e-16j  5.21874211e-14-1.66533454e-15j -1.79647963e-14-4.96130914e-16j]
        labels=[('kl', 'RdhQJJDP')],
        shape=(8,),
    )
    hessian_by_M_M: [[ 32.62789737   8.02838467   8.92238261   5.32240992   9.70017233   4.26629783 -10.60726462  -3.17689662   0.         -10.5466881    3.64482207   2.20877139  -0.40996232  -2.59299538  -3.31498569   5.2157018 ]
     [  8.02838467  18.66768139   3.68624106   0.18468431   7.14885755   4.313761     0.81029237  -1.10905948  10.5466881    0.          -1.33312089   4.87813947   6.73626567  -3.47644295  -6.60531072   1.8091137 ]
     [  8.92238261   3.68624106  40.95755035   7.78528634   2.3388265    1.62013739  -1.95448163  -3.38825221  -3.64482207   1.33312089   0.         -10.06800741  -0.47278078  -5.8064924    0.19741352   2.33379384]
     [  5.32240992   0.18468431   7.78528634  12.56504064  -4.79987313   0.97589628   2.79263341  -1.69117825  -2.20877139  -4.87813947  10.06800741   0.          -3.7227899   -2.78433509  -5.67882279  -4.25004571]
     [  9.70017233   7.14885755   2.3388265   -4.79987313  40.05885751  10.03271796  -8.03023888  -6.03564093   0.40996232  -6.73626567   0.47278078   3.7227899    0.         -14.88974254   2.51439156   5.72210185]
     [  4.26629783   4.313761     1.62013739   0.97589628  10.03271796  24.67536204   4.05639973  -3.06232304   2.59299538   3.47644295   5.8064924    2.78433509  14.88974254   0.          -0.15961778  -4.07823733]
     [-10.60726462   0.81029237  -1.95448163   2.79263341  -8.03023888   4.05639973  47.15653919   8.32912751   3.31498569   6.60531072  -0.19741352   5.67882279  -2.51439156   0.15961778   0.         -24.88052577]
     [ -3.17689662  -1.10905948  -3.38825221  -1.69117825  -6.03564093  -3.06232304   8.32912751  27.4709042   -5.2157018   -1.8091137   -2.33379384   4.25004571  -5.72210185   4.07823733  24.88052577   0.        ]
     [  0.          10.5466881   -3.64482207  -2.20877139   0.40996232   2.59299538   3.31498569  -5.2157018   32.62789737   8.02838467   8.92238261   5.32240992   9.70017233   4.26629783 -10.60726462  -3.17689662]
     [-10.5466881    0.           1.33312089  -4.87813947  -6.73626567   3.47644295   6.60531072  -1.8091137    8.02838467  18.66768139   3.68624106   0.18468431   7.14885755   4.313761     0.81029237  -1.10905948]
     [  3.64482207  -1.33312089   0.          10.06800741   0.47278078   5.8064924   -0.19741352  -2.33379384   8.92238261   3.68624106  40.95755035   7.78528634   2.3388265    1.62013739  -1.95448163  -3.38825221]
     [  2.20877139   4.87813947 -10.06800741   0.           3.7227899    2.78433509   5.67882279   4.25004571   5.32240992   0.18468431   7.78528634  12.56504064  -4.79987313   0.97589628   2.79263341  -1.69117825]
     [ -0.40996232   6.73626567  -0.47278078  -3.7227899    0.          14.88974254  -2.51439156  -5.72210185   9.70017233   7.14885755   2.3388265   -4.79987313  40.05885751  10.03271796  -8.03023888  -6.03564093]
     [ -2.59299538  -3.47644295  -5.8064924   -2.78433509 -14.88974254   0.           0.15961778   4.07823733   4.26629783   4.313761     1.62013739   0.97589628  10.03271796  24.67536204   4.05639973  -3.06232304]
     [ -3.31498569  -6.60531072   0.19741352  -5.67882279   2.51439156  -0.15961778   0.          24.88052577 -10.60726462   0.81029237  -1.95448163   2.79263341  -8.03023888   4.05639973  47.15653919   8.32912751]
     [  5.2157018    1.8091137    2.33379384  -4.25004571   5.72210185  -4.07823733 -24.88052577   0.          -3.17689662  -1.10905948  -3.38825221  -1.69117825  -6.03564093  -3.06232304   8.32912751  27.4709042 ]]
    eigvals of hessian_by_M_M: [ 2.10438677  2.10438677  5.58983447  5.58983447  8.88002374  8.88002374 14.3926903  14.3926903  31.18855596 31.18855596 45.45145546 45.45145546 54.19355679 54.19355679 82.37932919 82.37932919]
WLBOR:
    iter_times, elapsed_time, sqdiff: 300, 1.5447309017181396, 1.6713751428448376
    MSN: Tensor(
        [[ 0.52260474+0.02706413j -0.37548011-0.62067584j -0.21197937+0.88077446j -0.70165663-0.71151641j]
         [-0.3102559 +0.96140228j -0.08538667-0.09980797j  0.55601231-0.68718926j  0.67755382-0.7942624j ]
         [-0.90741083+0.51758937j  0.27931833-1.02652743j  0.17978386+0.99150995j  1.28733429-0.74264545j]
         [ 0.49160376-0.70322451j  0.05165312+0.64761277j -0.42272518-0.33899799j -0.75891393+0.85371579j]]
        labels=['kl', 'kr'],
        shape=(4, 4),
    )
    grad_by_reM_reM: Tensor(
        [ 1.27430262e-08-3.50414142e-16j  1.75452873e-09+6.24500451e-16j -3.23459859e-09+1.01307851e-15j -4.58841782e-09-6.52256027e-16j -3.10717916e-08-3.33066907e-16j  9.86528791e-09-3.74700271e-16j -1.37473058e-09-2.56739074e-16j  1.52233091e-08+3.12250226e-17j]
        labels=[('kl', 'RdhQJJDP')],
        shape=(8,),
    )
    grad_by_imM_imM: Tensor(
        [-1.23697143e-08-1.11022302e-16j -1.25678316e-08+9.88792381e-17j -2.02470496e-08-2.22044605e-16j -4.95567580e-09+3.67761377e-16j  8.31877400e-10-1.02695630e-15j  1.04901195e-08+5.55111512e-16j -1.17622426e-09+2.52575738e-15j  8.18364086e-09-9.22872889e-16j]
        labels=[('kl', 'RdhQJJDP')],
        shape=(8,),
    )
    hessian_by_M_M: [[ 41.877249    -0.37988238  14.37683782   2.80652979   8.54765558   5.83787437 -10.2639005   -0.19682804   0.           2.94729366   6.04667596   3.07011398  -1.00079709  -1.50069055  -2.32029177   6.3396841 ]
     [ -0.37988238  26.6474997    9.41336678  -0.35297253   2.14068921   1.74498816   7.409112     1.73890687  -2.94729366   0.          -4.20254463   9.00523385   9.61842538  -7.25740536  -4.958257     5.07063841]
     [ 14.37683782   9.41336678  54.79078521  -1.89996952   3.76101533   0.30456042   1.17522203  -1.8091442   -6.04667596   4.20254463   0.           3.74682944  -2.61101277  -7.51537609   3.77215954   4.55671999]
     [  2.80652979  -0.35297253  -1.89996952  16.76361734  -7.1499339    2.67745909   6.31059994  -0.19566007  -3.07011398  -9.00523385  -3.74682944   0.         -10.16439596  -4.24620328  -5.92898428  -4.43577752]
     [  8.54765558   2.14068921   3.76101533  -7.1499339   49.4992587   -1.35072956 -10.06016511  -3.15923051   1.00079709  -9.61842538   2.61101277  10.16439596   0.           1.24920855   7.48377218   6.7671049 ]
     [  5.83787437   1.74498816   0.30456042   2.67745909  -1.35072956  34.44324313   6.64290509  -4.10193125   1.50069055   7.25740536   7.51537609   4.24620328  -1.24920855   0.           6.57147935  -5.67833553]
     [-10.2639005    7.409112     1.17522203   6.31059994 -10.06016511   6.64290509  51.21951171 -11.00574833   2.32029177   4.958257    -3.77215954   5.92898428  -7.48377218  -6.57147935   0.          -9.63639735]
     [ -0.19682804   1.73890687  -1.8091442   -0.19566007  -3.15923051  -4.10193125 -11.00574833  34.45126762  -6.3396841   -5.07063841  -4.55671999   4.43577752  -6.7671049    5.67833553   9.63639735   0.        ]
     [  0.          -2.94729366  -6.04667596  -3.07011398   1.00079709   1.50069055   2.32029177  -6.3396841   41.877249    -0.37988238  14.37683782   2.80652979   8.54765558   5.83787437 -10.2639005   -0.19682804]
     [  2.94729366   0.           4.20254463  -9.00523385  -9.61842538   7.25740536   4.958257    -5.07063841  -0.37988238  26.6474997    9.41336678  -0.35297253   2.14068921   1.74498816   7.409112     1.73890687]
     [  6.04667596  -4.20254463   0.          -3.74682944   2.61101277   7.51537609  -3.77215954  -4.55671999  14.37683782   9.41336678  54.79078521  -1.89996952   3.76101533   0.30456042   1.17522203  -1.8091442 ]
     [  3.07011398   9.00523385   3.74682944   0.          10.16439596   4.24620328   5.92898428   4.43577752   2.80652979  -0.35297253  -1.89996952  16.76361734  -7.1499339    2.67745909   6.31059994  -0.19566007]
     [ -1.00079709   9.61842538  -2.61101277 -10.16439596   0.          -1.24920855  -7.48377218  -6.7671049    8.54765558   2.14068921   3.76101533  -7.1499339   49.4992587   -1.35072956 -10.06016511  -3.15923051]
     [ -1.50069055  -7.25740536  -7.51537609  -4.24620328   1.24920855   0.          -6.57147935   5.67833553   5.83787437   1.74498816   0.30456042   2.67745909  -1.35072956  34.44324313   6.64290509  -4.10193125]
     [ -2.32029177  -4.958257     3.77215954  -5.92898428   7.48377218   6.57147935   0.           9.63639735 -10.2639005    7.409112     1.17522203   6.31059994 -10.06016511   6.64290509  51.21951171 -11.00574833]
     [  6.3396841    5.07063841   4.55671999  -4.43577752   6.7671049   -5.67833553  -9.63639735   0.          -0.19682804   1.73890687  -1.8091442   -0.19566007  -3.15923051  -4.10193125 -11.00574833  34.45126762]]
    eigvals of hessian_by_M_M: [ 4.33857208  4.33857208 12.52431991 12.52431991 21.54790525 21.54790525 32.8863514  32.8863514  36.39967317 36.39967317 50.63969859 50.63969859 71.26847869 71.26847869 80.08743333 80.08743333]
WNAG:
    iter_times, elapsed_time, sqdiff: 300, 0.712615966796875, 1.6817086421027518
    MSN: Tensor(
        [[ 0.52321635+0.02251271j -0.38120745-0.61794861j -0.2044302 +0.88342625j -0.70840023-0.70596806j]
         [-0.30164613+0.96491085j -0.08679261-0.09898607j  0.55072682-0.69274669j  0.6704289 -0.80096529j]
         [-0.90347378+0.52647811j  0.27020914-1.03035778j  0.18884393+0.99111301j  1.28177065-0.7554518j ]
         [ 0.48555641-0.70836796j  0.05777899+0.64788923j -0.42630604-0.33570252j -0.75163968+0.86158501j]]
        labels=['kl', 'kr'],
        shape=(4, 4),
    )
    grad_by_reM_reM: Tensor(
        [-0.31199533-2.35922393e-15j -0.75364294-2.55351296e-15j -0.29832562-8.04911693e-16j -0.59626218-3.88578059e-16j -0.65622533+1.08246745e-15j -1.01279227-2.60902411e-15j  0.44487939-8.32667268e-16j  0.87846974-2.22044605e-16j]
        labels=[('kl', 'RdhQJJDP')],
        shape=(8,),
    )
    grad_by_imM_imM: Tensor(
        [ 0.12017305+9.43689571e-16j -0.62342922-2.88657986e-15j  0.17486182+0.00000000e+00j -0.68034832-1.60982339e-15j  0.44496508+8.88178420e-16j -0.85168509+2.22044605e-15j -0.3527716 -1.11022302e-16j  1.01033099-9.99200722e-16j]
        labels=[('kl', 'RdhQJJDP')],
        shape=(8,),
    )
    hessian_by_M_M: [[  64.10240146   41.68264954   -0.41710765  -36.44433145   -3.51848538   28.08060468   -3.73050556   -6.05104308    0.           95.83291185   20.13107335    9.83125566  -19.36567502  -17.56717546    8.42810421  -11.85221785]
     [  41.68264954  215.87079332   13.95659965  -14.00668322  -27.68953355   23.7225828     3.5995591   -56.36690701  -95.83291185    0.           20.02198747   48.26962368  -16.08528324  -53.05425413   26.83179285    1.07149325]
     [  -0.41710765   13.95659965   58.09772623   21.96135394   12.26730253  -10.70046326    0.64353574   -3.42845218  -20.13107335  -20.02198747    0.           96.17885182    3.22348156   23.54598893   -0.9245478   -16.50263619]
     [ -36.44433145  -14.00668322   21.96135394  208.36940341   25.28705379   36.88786454   -7.23247205  -28.21045478   -9.83125566  -48.26962368  -96.17885182    0.          -16.86573724   37.74968945   -3.88622224  -20.33923844]
     [  -3.51848538  -27.68953355   12.26730253   25.28705379   80.05659972   56.78011769  -13.8351327    16.43232748   19.36567502   16.08528324   -3.22348156   16.86573724    0.          121.65282243  -11.89264974  -45.28462106]
     [  28.08060468   23.7225828   -10.70046326   36.88786454   56.78011769  281.12333658  -31.96008096  -53.5773994    17.56717546   53.05425413  -23.54598893  -37.74968945 -121.65282243    0.            2.89346334  -62.41762065]
     [  -3.73050556    3.5995591     0.64353574   -7.23247205  -13.8351327   -31.96008096   87.89451205   71.50396031   -8.42810421  -26.83179285    0.9245478     3.88622224   11.89264974   -2.89346334    0.          154.69149795]
     [  -6.05104308  -56.36690701   -3.42845218  -28.21045478   16.43232748  -53.5773994    71.50396031  376.89542072   11.85221785   -1.07149325   16.50263619   20.33923844   45.28462106   62.41762065 -154.69149795    0.        ]
     [   0.          -95.83291185  -20.13107335   -9.83125566   19.36567502   17.56717546   -8.42810421   11.85221785   64.10240146   41.68264954   -0.41710765  -36.44433145   -3.51848538   28.08060468   -3.73050556   -6.05104308]
     [  95.83291185    0.          -20.02198747  -48.26962368   16.08528324   53.05425413  -26.83179285   -1.07149325   41.68264954  215.87079332   13.95659965  -14.00668322  -27.68953355   23.7225828     3.5995591   -56.36690701]
     [  20.13107335   20.02198747    0.          -96.17885182   -3.22348156  -23.54598893    0.9245478    16.50263619   -0.41710765   13.95659965   58.09772623   21.96135394   12.26730253  -10.70046326    0.64353574   -3.42845218]
     [   9.83125566   48.26962368   96.17885182    0.           16.86573724  -37.74968945    3.88622224   20.33923844  -36.44433145  -14.00668322   21.96135394  208.36940341   25.28705379   36.88786454   -7.23247205  -28.21045478]
     [ -19.36567502  -16.08528324    3.22348156  -16.86573724    0.         -121.65282243   11.89264974   45.28462106   -3.51848538  -27.68953355   12.26730253   25.28705379   80.05659972   56.78011769  -13.8351327    16.43232748]
     [ -17.56717546  -53.05425413   23.54598893   37.74968945  121.65282243    0.           -2.89346334   62.41762065   28.08060468   23.7225828   -10.70046326   36.88786454   56.78011769  281.12333658  -31.96008096  -53.5773994 ]
     [   8.42810421   26.83179285   -0.9245478    -3.88622224  -11.89264974    2.89346334    0.         -154.69149795   -3.73050556    3.5995591     0.64353574   -7.23247205  -13.8351327   -31.96008096   87.89451205   71.50396031]
     [ -11.85221785    1.07149325  -16.50263619  -20.33923844  -45.28462106  -62.41762065  154.69149795    0.           -6.05104308  -56.36690701   -3.42845218  -28.21045478   16.43232748  -53.5773994    71.50396031  376.89542072]]
    eigvals of hessian_by_M_M: [  2.51111267   2.51111267   5.40668378   5.40668378   9.55163886   9.55163886  18.1823231   18.1823231  151.91577477 151.91577477 277.6269147  277.6269147  355.74765019 355.74765019 551.46809542 551.46809542]
SNAG:
    iter_times, elapsed_time, sqdiff: 300, 0.6056487560272217, 1.6713751428448347
    MSN: Tensor(
        [[ 0.52260474+0.02706413j -0.37548011-0.62067584j -0.21197937+0.88077447j -0.70165664-0.71151642j]
         [-0.31025591+0.96140227j -0.08538668-0.09980797j  0.55601231-0.68718926j  0.67755382-0.7942624j ]
         [-0.90741083+0.51758937j  0.27931834-1.02652742j  0.17978385+0.99150995j  1.28733429-0.74264545j]
         [ 0.49160376-0.7032245j   0.05165312+0.64761277j -0.42272518-0.33899799j -0.75891393+0.85371579j]]
        labels=['kl', 'kr'],
        shape=(4, 4),
    )
    grad_by_reM_reM: Tensor(
        [ 1.33226763e-14+4.23272528e-16j  1.13607040e-14+1.04083409e-16j -1.34961486e-14-2.49800181e-16j -3.83720833e-15-3.71230824e-16j  7.36910533e-15+8.74300632e-16j  5.25968158e-15+4.64038530e-16j  2.60624855e-14-6.27969898e-16j  1.38986045e-14-2.60208521e-16j]
        labels=[('kl', 'RdhQJJDP')],
        shape=(8,),
    )
    grad_by_imM_imM: Tensor(
        [ 1.41484047e-14-1.66533454e-16j  1.65145675e-15+2.13370988e-16j  1.70280456e-14+2.01227923e-16j  1.36522738e-14+1.31838984e-16j -5.55111512e-17-2.35922393e-16j  2.23519120e-15-2.77555756e-16j  2.34881559e-15-8.32667268e-17j -2.89351876e-15-2.08166817e-17j]
        labels=[('kl', 'RdhQJJDP')],
        shape=(8,),
    )
    hessian_by_M_M: [[14.90978729  5.07854614  4.59360763  2.1328036   4.60027075  2.14265039 -4.49905756 -1.58352427  0.         -2.20225148  1.6727737   1.17977482  0.07798251 -0.62980023 -1.4077796   1.22450842]
     [ 5.07854614  4.63386911  1.9974158   0.60282849  2.79363185  1.38219107 -0.40840681 -0.28173752  2.20225148  0.         -0.14148188  1.06113667  1.71528347 -0.48812682 -1.90938254  0.33027604]
     [ 4.59360763  1.9974158  18.67341256  5.40230919  0.85449987  0.6708792  -0.62772374 -1.03180964 -1.6727737   0.14148188  0.         -2.04838223 -0.89526418 -1.90932598  0.14408532  0.56691767]
     [ 2.1328036   0.60282849  5.40230919  3.46301871 -1.32517913  0.05091696  0.66144501 -0.27936989 -1.17977482 -1.06113667  2.04838223  0.         -1.44228819 -1.10927614 -1.69547895 -0.93479637]
     [ 4.60027075  2.79363185  0.85449987 -1.32517913 18.18795705  6.29809416 -3.5457699  -2.33004392 -0.07798251 -1.71528347  0.89526418  1.44228819  0.         -3.24729664  1.73859736  1.70570266]
     [ 2.14265039  1.38219107  0.6708792   0.05091696  6.29809416  6.00967461  0.55427355 -0.72460784  0.62980023  0.48812682  1.90932598  1.10927614  3.24729664  0.          0.35883334 -0.40801789]
     [-4.49905756 -0.40840681 -0.62772374  0.66144501 -3.5457699   0.55427355 20.54090408  6.10925664  1.4077796   1.90938254 -0.14408532  1.69547895 -1.73859736 -0.35883334  0.         -6.03994858]
     [-1.58352427 -0.28173752 -1.03180964 -0.27936989 -2.33004392 -0.72460784  6.10925664  6.21466139 -1.22450842 -0.33027604 -0.56691767  0.93479637 -1.70570266  0.40801789  6.03994858  0.        ]
     [ 0.          2.20225148 -1.6727737  -1.17977482 -0.07798251  0.62980023  1.4077796  -1.22450842 14.90978729  5.07854614  4.59360763  2.1328036   4.60027075  2.14265039 -4.49905756 -1.58352427]
     [-2.20225148  0.          0.14148188 -1.06113667 -1.71528347  0.48812682  1.90938254 -0.33027604  5.07854614  4.63386911  1.9974158   0.60282849  2.79363185  1.38219107 -0.40840681 -0.28173752]
     [ 1.6727737  -0.14148188  0.          2.04838223  0.89526418  1.90932598 -0.14408532 -0.56691767  4.59360763  1.9974158  18.67341256  5.40230919  0.85449987  0.6708792  -0.62772374 -1.03180964]
     [ 1.17977482  1.06113667 -2.04838223  0.          1.44228819  1.10927614  1.69547895  0.93479637  2.1328036   0.60282849  5.40230919  3.46301871 -1.32517913  0.05091696  0.66144501 -0.27936989]
     [ 0.07798251  1.71528347 -0.89526418 -1.44228819  0.          3.24729664 -1.73859736 -1.70570266  4.60027075  2.79363185  0.85449987 -1.32517913 18.18795705  6.29809416 -3.5457699  -2.33004392]
     [-0.62980023 -0.48812682 -1.90932598 -1.10927614 -3.24729664  0.         -0.35883334  0.40801789  2.14265039  1.38219107  0.6708792   0.05091696  6.29809416  6.00967461  0.55427355 -0.72460784]
     [-1.4077796  -1.90938254  0.14408532 -1.69547895  1.73859736  0.35883334  0.          6.03994858 -4.49905756 -0.40840681 -0.62772374  0.66144501 -3.5457699   0.55427355 20.54090408  6.10925664]
     [ 1.22450842  0.33027604  0.56691767 -0.93479637  1.70570266 -0.40801789 -6.03994858  0.         -1.58352427 -0.28173752 -1.03180964 -0.27936989 -2.33004392 -0.72460784  6.10925664  6.21466139]]
    eigvals of hessian_by_M_M: [ 0.43591642  0.43591642  1.31187077  1.31187077  2.14096572  2.14096572  3.06091997  3.06091997 11.29590741 11.29590741 18.07289714 18.07289714 23.40733461 23.40733461 32.90747276 32.90747276]
SSpiral(8):
    iter_times, elapsed_time, sqdiff: 300, 1.0128209590911865, 1.671375142844836
    MSN: Tensor(
        [[ 0.52260474+0.02706413j -0.37548011-0.62067584j -0.21197937+0.88077447j -0.70165664-0.71151642j]
         [-0.31025591+0.96140227j -0.08538668-0.09980797j  0.55601231-0.68718926j  0.67755382-0.7942624j ]
         [-0.90741083+0.51758937j  0.27931834-1.02652742j  0.17978385+0.99150995j  1.28733429-0.74264545j]
         [ 0.49160376-0.7032245j   0.05165312+0.64761277j -0.42272518-0.33899799j -0.75891393+0.85371579j]]
        labels=['kl', 'kr'],
        shape=(4, 4),
    )
    grad_by_reM_reM: Tensor(
        [-1.54598556e-14+2.35922393e-16j  8.61116733e-15-4.02455846e-16j -1.57790447e-14-9.62771529e-17j -4.50334214e-15+2.35922393e-16j  9.03443986e-15+5.55111512e-16j -2.25583441e-14+5.82867088e-16j -1.49463775e-14+1.80411242e-16j -9.41260958e-15-4.33680869e-16j]
        labels=[('kl', 'RdhQJJDP')],
        shape=(8,),
    )
    grad_by_imM_imM: Tensor(
        [-4.31599201e-15-8.60422844e-16j -7.95197241e-15-1.31838984e-16j -8.80285428e-15-1.24900090e-16j -1.06720188e-14-3.95516953e-16j -5.88418203e-15+6.93889390e-17j  8.64586180e-15+4.23272528e-16j  1.99840144e-15+5.41233725e-16j  2.10283180e-14+1.76941795e-16j]
        labels=[('kl', 'RdhQJJDP')],
        shape=(8,),
    )
    hessian_by_M_M: [[ 2.07387134e+01  1.18948689e+00  5.37824898e+00  1.80250394e+00  3.04767061e+00  2.47025417e+00 -5.56974439e+00 -3.17799351e+00  0.00000000e+00 -7.08937261e-01  3.32031730e+00  2.06773561e+00 -1.69562271e+00  1.65239420e+00 -1.04618493e+00  1.09081521e+00]
     [ 1.18948689e+00  1.20512704e+01  2.39818816e+00  6.79006630e-01  4.98623529e+00  2.33433017e+00 -1.01008215e+00  3.05397187e-01  7.08937261e-01  0.00000000e+00 -4.77401487e+00  3.49409178e+00  2.85632048e+00 -2.26208099e+00 -4.55690082e+00  1.72440612e+00]
     [ 5.37824898e+00  2.39818816e+00  2.69164731e+01  2.71634973e+00  2.69961957e+00  2.62482743e+00  9.47094484e-02 -2.48270696e+00 -3.32031730e+00  4.77401487e+00  0.00000000e+00 -1.33023993e-02  6.93580768e-01 -2.02516905e+00  1.87685851e+00  1.77824609e+00]
     [ 1.80250394e+00  6.79006630e-01  2.71634973e+00  7.77163851e+00 -5.06705849e+00  5.29729713e-01  5.83591324e-01 -4.02562482e-01 -2.06773561e+00 -3.49409178e+00  1.33023993e-02  0.00000000e+00 -3.51346621e-01 -2.78400104e+00 -3.28309420e+00 -2.46666717e+00]
     [ 3.04767061e+00  4.98623529e+00  2.69961957e+00 -5.06705849e+00  2.47830818e+01  1.64051251e+00 -5.29426011e+00 -4.64141050e+00  1.69562271e+00 -2.85632048e+00 -6.93580768e-01  3.51346621e-01  0.00000000e+00 -2.11469505e+00  1.84517075e+00  2.34936741e+00]
     [ 2.47025417e+00  2.33433017e+00  2.62482743e+00  5.29729713e-01  1.64051251e+00  1.56695201e+01  4.08343062e+00 -1.75361049e+00 -1.65239420e+00  2.26208099e+00  2.02516905e+00  2.78400104e+00  2.11469505e+00  0.00000000e+00  7.44820247e-01 -1.86480818e+00]
     [-5.56974439e+00 -1.01008215e+00  9.47094484e-02  5.83591324e-01 -5.29426011e+00  4.08343062e+00  2.77330917e+01  2.68885450e+00  1.04618493e+00  4.55690082e+00 -1.87685851e+00  3.28309420e+00 -1.84517075e+00 -7.44820247e-01  0.00000000e+00 -8.91752621e+00]
     [-3.17799351e+00  3.05397187e-01 -2.48270696e+00 -4.02562482e-01 -4.64141050e+00 -1.75361049e+00  2.68885450e+00  1.56533071e+01 -1.09081521e+00 -1.72440612e+00 -1.77824609e+00  2.46666717e+00 -2.34936741e+00  1.86480818e+00  8.91752621e+00  0.00000000e+00]
     [ 0.00000000e+00  7.08937261e-01 -3.32031730e+00 -2.06773561e+00  1.69562271e+00 -1.65239420e+00  1.04618493e+00 -1.09081521e+00  2.07387134e+01  1.18948689e+00  5.37824898e+00  1.80250394e+00  3.04767061e+00  2.47025417e+00 -5.56974439e+00 -3.17799351e+00]
     [-7.08937261e-01  0.00000000e+00  4.77401487e+00 -3.49409178e+00 -2.85632048e+00  2.26208099e+00  4.55690082e+00 -1.72440612e+00  1.18948689e+00  1.20512704e+01  2.39818816e+00  6.79006630e-01  4.98623529e+00  2.33433017e+00 -1.01008215e+00  3.05397187e-01]
     [ 3.32031730e+00 -4.77401487e+00  0.00000000e+00  1.33023993e-02 -6.93580768e-01  2.02516905e+00 -1.87685851e+00 -1.77824609e+00  5.37824898e+00  2.39818816e+00  2.69164731e+01  2.71634973e+00  2.69961957e+00  2.62482743e+00  9.47094484e-02 -2.48270696e+00]
     [ 2.06773561e+00  3.49409178e+00 -1.33023993e-02  0.00000000e+00  3.51346621e-01  2.78400104e+00  3.28309420e+00  2.46666717e+00  1.80250394e+00  6.79006630e-01  2.71634973e+00  7.77163851e+00 -5.06705849e+00  5.29729713e-01  5.83591324e-01 -4.02562482e-01]
     [-1.69562271e+00  2.85632048e+00  6.93580768e-01 -3.51346621e-01  0.00000000e+00  2.11469505e+00 -1.84517075e+00 -2.34936741e+00  3.04767061e+00  4.98623529e+00  2.69961957e+00 -5.06705849e+00  2.47830818e+01  1.64051251e+00 -5.29426011e+00 -4.64141050e+00]
     [ 1.65239420e+00 -2.26208099e+00 -2.02516905e+00 -2.78400104e+00 -2.11469505e+00  0.00000000e+00 -7.44820247e-01  1.86480818e+00  2.47025417e+00  2.33433017e+00  2.62482743e+00  5.29729713e-01  1.64051251e+00  1.56695201e+01  4.08343062e+00 -1.75361049e+00]
     [-1.04618493e+00 -4.55690082e+00  1.87685851e+00 -3.28309420e+00  1.84517075e+00  7.44820247e-01  0.00000000e+00  8.91752621e+00 -5.56974439e+00 -1.01008215e+00  9.47094484e-02  5.83591324e-01 -5.29426011e+00  4.08343062e+00  2.77330917e+01  2.68885450e+00]
     [ 1.09081521e+00  1.72440612e+00  1.77824609e+00 -2.46666717e+00  2.34936741e+00 -1.86480818e+00 -8.91752621e+00  0.00000000e+00 -3.17799351e+00  3.05397187e-01 -2.48270696e+00 -4.02562482e-01 -4.64141050e+00 -1.75361049e+00  2.68885450e+00  1.56533071e+01]]
    eigvals of hessian_by_M_M: [ 1.95502057  1.95502057  5.50090971  5.50090971  9.62199836  9.62199836 15.16973688 15.16973688 18.01658284 18.01658284 25.83320819 25.83320819 33.36509322 33.36509322 41.85454615 41.85454615]
SSpiral(11):
    iter_times, elapsed_time, sqdiff: 300, 1.1373991966247559, 1.6713751428448367
    MSN: Tensor(
        [[ 0.52260474+0.02706413j -0.37548011-0.62067584j -0.21197937+0.88077447j -0.70165664-0.71151642j]
         [-0.31025591+0.96140227j -0.08538668-0.09980797j  0.55601231-0.68718926j  0.67755382-0.7942624j ]
         [-0.90741083+0.51758937j  0.27931834-1.02652742j  0.17978385+0.99150995j  1.28733429-0.74264545j]
         [ 0.49160376-0.7032245j   0.05165312+0.64761277j -0.42272518-0.33899799j -0.75891393+0.85371579j]]
        labels=['kl', 'kr'],
        shape=(4, 4),
    )
    grad_by_reM_reM: Tensor(
        [-1.04180553e-13+2.63677968e-16j -6.01324546e-14-4.05925293e-16j -8.63337180e-14+3.59087760e-16j -7.33441086e-14+2.08166817e-16j  7.92768629e-14-7.35522754e-16j  4.17998969e-14+3.90746463e-16j  3.87884169e-14-5.41233725e-16j  2.66904554e-14-6.07153217e-16j]
        labels=[('kl', 'RdhQJJDP')],
        shape=(8,),
    )
    grad_by_imM_imM: Tensor(
        [ 8.97892871e-15+1.52655666e-16j -2.95423408e-14-3.76434994e-16j  6.12235956e-14+4.30211422e-16j -8.47932835e-15-3.40005801e-16j  8.08103584e-14+5.62050406e-16j  3.75259719e-14-4.16333634e-17j  3.47916140e-14-5.68989300e-16j -4.37740122e-14+1.73472348e-17j]
        labels=[('kl', 'RdhQJJDP')],
        shape=(8,),
    )
    hessian_by_M_M: [[13.27313854  1.1258225   3.20916088  1.36871466  1.09328396  1.20229043 -2.88446533 -2.16239782  0.         -0.87142151  2.55307573  0.90728108 -1.58675848  0.9094445  -0.14967723  0.58896453]
     [ 1.1258225   5.5622691   1.56886598  0.40434106  2.62497278  1.55434732 -0.87749885 -0.40354397  0.87142151  0.         -2.40822097  1.3224105   1.56292084 -0.76578512 -2.8311788   0.41666701]
     [ 3.20916088  1.56886598 16.82887482  2.81795821  1.97659398  1.71361285  0.44763992 -1.07874236 -2.55307573  2.40822097  0.         -0.84364322  0.397627   -0.87482466  1.4295094   1.34124119]
     [ 1.36871466  0.40434106  2.81795821  3.98588363 -2.63394332  0.15376865  0.250452   -0.46112604 -0.90728108 -1.3224105   0.84364322  0.          0.24346341 -1.06906224 -1.30319614 -1.21907808]
     [ 1.09328396  2.62497278  1.97659398 -2.63394332 15.7531918   1.32423362 -3.32089518 -2.62176504  1.58675848 -1.56292084 -0.397627   -0.24346341  0.         -1.68029002  1.07499904  1.74333437]
     [ 1.20229043  1.55434732  1.71361285  0.15376865  1.32423362  7.29578096  1.82999296 -0.8986258  -0.9094445   0.76578512  0.87482466  1.06906224  1.68029002  0.          0.56257969 -0.85106305]
     [-2.88446533 -0.87749885  0.44763992  0.250452   -3.32089518  1.82999296 16.93647995  2.03746691  0.14967723  2.8311788  -1.4295094   1.30319614 -1.07499904 -0.56257969  0.         -5.41577871]
     [-2.16239782 -0.40354397 -1.07874236 -0.46112604 -2.62176504 -0.8986258   2.03746691  7.91471567 -0.58896453 -0.41666701 -1.34124119  1.21907808 -1.74333437  0.85106305  5.41577871  0.        ]
     [ 0.          0.87142151 -2.55307573 -0.90728108  1.58675848 -0.9094445   0.14967723 -0.58896453 13.27313854  1.1258225   3.20916088  1.36871466  1.09328396  1.20229043 -2.88446533 -2.16239782]
     [-0.87142151  0.          2.40822097 -1.3224105  -1.56292084  0.76578512  2.8311788  -0.41666701  1.1258225   5.5622691   1.56886598  0.40434106  2.62497278  1.55434732 -0.87749885 -0.40354397]
     [ 2.55307573 -2.40822097  0.          0.84364322 -0.397627    0.87482466 -1.4295094  -1.34124119  3.20916088  1.56886598 16.82887482  2.81795821  1.97659398  1.71361285  0.44763992 -1.07874236]
     [ 0.90728108  1.3224105  -0.84364322  0.         -0.24346341  1.06906224  1.30319614  1.21907808  1.36871466  0.40434106  2.81795821  3.98588363 -2.63394332  0.15376865  0.250452   -0.46112604]
     [-1.58675848  1.56292084  0.397627    0.24346341  0.          1.68029002 -1.07499904 -1.74333437  1.09328396  2.62497278  1.97659398 -2.63394332 15.7531918   1.32423362 -3.32089518 -2.62176504]
     [ 0.9094445  -0.76578512 -0.87482466 -1.06906224 -1.68029002  0.         -0.56257969  0.85106305  1.20229043  1.55434732  1.71361285  0.15376865  1.32423362  7.29578096  1.82999296 -0.8986258 ]
     [-0.14967723 -2.8311788   1.4295094  -1.30319614  1.07499904  0.56257969  0.          5.41577871 -2.88446533 -0.87749885  0.44763992  0.250452   -3.32089518  1.82999296 16.93647995  2.03746691]
     [ 0.58896453  0.41666701  1.34124119 -1.21907808  1.74333437 -0.85106305 -5.41577871  0.         -2.16239782 -0.40354397 -1.07874236 -0.46112604 -2.62176504 -0.8986258   2.03746691  7.91471567]]
    eigvals of hessian_by_M_M: [ 0.91518272  0.91518272  2.61021214  2.61021214  4.94850721  4.94850721  7.20688493  7.20688493 10.24140086 10.24140086 15.87292027 15.87292027 20.46342652 20.46342652 25.29179982 25.29179982]
SSpiral(14):
    iter_times, elapsed_time, sqdiff: 300, 0.9755797386169434, 1.6713751428448371
    MSN: Tensor(
        [[ 0.52260474+0.02706413j -0.37548011-0.62067584j -0.21197937+0.88077447j -0.70165664-0.71151642j]
         [-0.31025591+0.96140227j -0.08538668-0.09980797j  0.55601231-0.68718926j  0.67755382-0.7942624j ]
         [-0.90741083+0.51758937j  0.27931834-1.02652742j  0.17978385+0.99150995j  1.28733429-0.74264545j]
         [ 0.49160376-0.7032245j   0.05165312+0.64761277j -0.42272518-0.33899799j -0.75891393+0.85371579j]]
        labels=['kl', 'kr'],
        shape=(4, 4),
    )
    grad_by_reM_reM: Tensor(
        [-1.42247325e-14-5.55111512e-17j -3.99159872e-15+4.44089210e-16j -3.17801341e-15+1.59594560e-16j -1.22749033e-14+7.28583860e-17j  3.50483531e-14-3.46944695e-16j -7.14532600e-15+3.55618313e-17j  4.53664883e-14-2.22044605e-16j -4.33993119e-14+6.93889390e-18j]
        labels=[('kl', 'RdhQJJDP')],
        shape=(8,),
    )
    grad_by_imM_imM: Tensor(
        [ 7.85482790e-15-6.93889390e-17j  1.30173650e-14+9.19403442e-17j  1.59594560e-15+3.19189120e-16j -2.21003771e-15-1.45716772e-16j  2.06362705e-14-6.93889390e-18j -2.98398459e-14+4.63171168e-16j -2.49245069e-14+3.46944695e-16j -5.11812814e-14+5.20417043e-17j]
        labels=[('kl', 'RdhQJJDP')],
        shape=(8,),
    )
    hessian_by_M_M: [[10.91218549 -0.39400631  1.93465115  1.01917179  0.21112286  0.42864626 -1.90755391 -1.89504197  0.         -1.18136722  2.50015306  0.71011031 -1.93625413  1.18806208  0.3218361  -0.03033953]
     [-0.39400631  5.91775241  0.52842965  0.3399811   2.49764046  1.53633426 -1.35889395 -0.32336191  1.18136722  0.         -2.88200973  1.47984757  1.18991671 -0.91153459 -2.51452249  0.53032291]
     [ 1.93465115  0.52842965 13.05775631  1.3983257   1.88617195  1.55178187  0.41690996 -1.3304806  -2.50015306  2.88200973  0.         -0.60471517  0.57401877 -0.2000364   1.05797749  1.22950492]
     [ 1.01917179  0.3399811   1.3983257   4.10517015 -2.3247373   0.1986518   0.11889007 -0.46154608 -0.71011031 -1.47984757  0.60471517  0.          1.09431049 -1.13497553 -1.05686889 -1.30914878]
     [ 0.21112286  2.49764046  1.88617195 -2.3247373  13.0453189  -0.47952367 -2.68377898 -2.58257927  1.93625413 -1.18991671 -0.57401877 -1.09431049  0.         -2.06285152  0.18341473  1.24572989]
     [ 0.42864626  1.53633426  1.55178187  0.1986518  -0.47952367  7.76908736  2.17514667 -0.94063012 -1.18806208  0.91153459  0.2000364   1.13497553  2.06285152  0.          0.13756887 -0.98894244]
     [-1.90755391 -1.35889395  0.41690996  0.11889007 -2.68377898  2.17514667 14.0528873   0.88727082 -0.3218361   2.51452249 -1.05797749  1.05686889 -0.18341473 -0.13756887  0.         -5.34793963]
     [-1.89504197 -0.32336191 -1.3304806  -0.46154608 -2.58257927 -0.94063012  0.88727082  8.3726512   0.03033953 -0.53032291 -1.22950492  1.30914878 -1.24572989  0.98894244  5.34793963  0.        ]
     [ 0.          1.18136722 -2.50015306 -0.71011031  1.93625413 -1.18806208 -0.3218361   0.03033953 10.91218549 -0.39400631  1.93465115  1.01917179  0.21112286  0.42864626 -1.90755391 -1.89504197]
     [-1.18136722  0.          2.88200973 -1.47984757 -1.18991671  0.91153459  2.51452249 -0.53032291 -0.39400631  5.91775241  0.52842965  0.3399811   2.49764046  1.53633426 -1.35889395 -0.32336191]
     [ 2.50015306 -2.88200973  0.          0.60471517 -0.57401877  0.2000364  -1.05797749 -1.22950492  1.93465115  0.52842965 13.05775631  1.3983257   1.88617195  1.55178187  0.41690996 -1.3304806 ]
     [ 0.71011031  1.47984757 -0.60471517  0.         -1.09431049  1.13497553  1.05686889  1.30914878  1.01917179  0.3399811   1.3983257   4.10517015 -2.3247373   0.1986518   0.11889007 -0.46154608]
     [-1.93625413  1.18991671  0.57401877  1.09431049  0.          2.06285152 -0.18341473 -1.24572989  0.21112286  2.49764046  1.88617195 -2.3247373  13.0453189  -0.47952367 -2.68377898 -2.58257927]
     [ 1.18806208 -0.91153459 -0.2000364  -1.13497553 -2.06285152  0.         -0.13756887  0.98894244  0.42864626  1.53633426  1.55178187  0.1986518  -0.47952367  7.76908736  2.17514667 -0.94063012]
     [ 0.3218361  -2.51452249  1.05797749 -1.05686889  0.18341473  0.13756887  0.          5.34793963 -1.90755391 -1.35889395  0.41690996  0.11889007 -2.68377898  2.17514667 14.0528873   0.88727082]
     [-0.03033953  0.53032291  1.22950492 -1.30914878  1.24572989 -0.98894244 -5.34793963  0.         -1.89504197 -0.32336191 -1.3304806  -0.46154608 -2.58257927 -0.94063012  0.88727082  8.3726512 ]]
    eigvals of hessian_by_M_M: [ 1.00596798  1.00596798  2.62731863  2.62731863  4.62023657  4.62023657  7.66194287  7.66194287  9.16249562  9.16249562 13.29053279 13.29053279 17.39100791 17.39100791 21.47330677 21.47330677]
SSpiral(17):
    iter_times, elapsed_time, sqdiff: 300, 0.9732379913330078, 1.6713751428448353
    MSN: Tensor(
        [[ 0.52260474+0.02706413j -0.37548011-0.62067584j -0.21197937+0.88077447j -0.70165664-0.71151642j]
         [-0.31025591+0.96140227j -0.08538668-0.09980797j  0.55601231-0.68718926j  0.67755382-0.7942624j ]
         [-0.90741083+0.51758937j  0.27931834-1.02652742j  0.17978385+0.99150995j  1.28733429-0.74264545j]
         [ 0.49160376-0.7032245j   0.05165312+0.64761277j -0.42272518-0.33899799j -0.75891393+0.85371579j]]
        labels=['kl', 'kr'],
        shape=(4, 4),
    )
    grad_by_reM_reM: Tensor(
        [-5.68364800e-14+8.32667268e-17j -9.91871515e-15-3.33066907e-16j -8.98309205e-14-4.30211422e-16j -1.35117612e-14-1.83880688e-16j -1.54459778e-14+8.60422844e-16j  7.16440796e-15+6.93889390e-17j -1.37737044e-14+1.38777878e-16j  3.97511885e-14+4.61436445e-16j]
        labels=[('kl', 'RdhQJJDP')],
        shape=(8,),
    )
    grad_by_imM_imM: Tensor(
        [-6.89726054e-14-3.46944695e-17j -2.52159404e-14+1.14058069e-16j -4.68791672e-14-1.52655666e-16j -2.66418831e-14+7.80625564e-17j  5.55944180e-14-6.59194921e-17j  2.69090306e-14-4.85722573e-17j  2.66453526e-15+9.02056208e-17j -2.57086019e-15-6.07153217e-17j]
        labels=[('kl', 'RdhQJJDP')],
        shape=(8,),
    )
    hessian_by_M_M: [[ 7.9507636   0.23595559  1.55965274  0.76536898  0.18527234  0.35188119 -1.35058418 -1.23738775  0.         -0.73347013  1.80488     0.45704193 -1.33386571  0.63311474  0.2318844   0.14943175]
     [ 0.23595559  2.9820182   0.5950067   0.1939455   1.46553144  0.87923747 -0.73483385 -0.32137634  0.73347013  0.         -1.5443011   0.6677316   0.74916905 -0.39288291 -1.60795265  0.16115987]
     [ 1.55965274  0.5950067   9.59878122  1.43382445  1.33703583  1.04368093  0.37176207 -0.64800256 -1.80488     1.5443011   0.         -0.59248429  0.29794191 -0.24316418  0.82670868  0.84040866]
     [ 0.76536898  0.1939455   1.43382445  2.21029519 -1.42446673  0.09028418  0.10070458 -0.30174845 -0.45704193 -0.6677316   0.59248429  0.          0.54534471 -0.48471901 -0.57017744 -0.65917947]
     [ 0.18527234  1.46553144  1.33703583 -1.42446673  9.46207254  0.23998309 -1.94242652 -1.5696336   1.33386571 -0.74916905 -0.29794191 -0.54534471  0.         -1.24833701  0.30686489  0.94922898]
     [ 0.35188119  0.87923747  1.04368093  0.09028418  0.23998309  3.92548387  1.13783776 -0.50604328 -0.63311474  0.39288291  0.24316418  0.48471901  1.24833701  0.          0.20553983 -0.49391419]
     [-1.35058418 -0.73483385  0.37176207  0.10070458 -1.94242652  1.13783776 10.00820173  0.8921407  -0.2318844   1.60795265 -0.82670868  0.57017744 -0.30686489 -0.20553983  0.         -3.31229488]
     [-1.23738775 -0.32137634 -0.64800256 -0.30174845 -1.5696336  -0.50604328  0.8921407   4.41067548 -0.14943175 -0.16115987 -0.84040866  0.65917947 -0.94922898  0.49391419  3.31229488  0.        ]
     [ 0.          0.73347013 -1.80488    -0.45704193  1.33386571 -0.63311474 -0.2318844  -0.14943175  7.9507636   0.23595559  1.55965274  0.76536898  0.18527234  0.35188119 -1.35058418 -1.23738775]
     [-0.73347013  0.          1.5443011  -0.6677316  -0.74916905  0.39288291  1.60795265 -0.16115987  0.23595559  2.9820182   0.5950067   0.1939455   1.46553144  0.87923747 -0.73483385 -0.32137634]
     [ 1.80488    -1.5443011   0.          0.59248429 -0.29794191  0.24316418 -0.82670868 -0.84040866  1.55965274  0.5950067   9.59878122  1.43382445  1.33703583  1.04368093  0.37176207 -0.64800256]
     [ 0.45704193  0.6677316  -0.59248429  0.         -0.54534471  0.48471901  0.57017744  0.65917947  0.76536898  0.1939455   1.43382445  2.21029519 -1.42446673  0.09028418  0.10070458 -0.30174845]
     [-1.33386571  0.74916905  0.29794191  0.54534471  0.          1.24833701 -0.30686489 -0.94922898  0.18527234  1.46553144  1.33703583 -1.42446673  9.46207254  0.23998309 -1.94242652 -1.5696336 ]
     [ 0.63311474 -0.39288291 -0.24316418 -0.48471901 -1.24833701  0.         -0.20553983  0.49391419  0.35188119  0.87923747  1.04368093  0.09028418  0.23998309  3.92548387  1.13783776 -0.50604328]
     [ 0.2318844  -1.60795265  0.82670868 -0.57017744  0.30686489  0.20553983  0.          3.31229488 -1.35058418 -0.73483385  0.37176207  0.10070458 -1.94242652  1.13783776 10.00820173  0.8921407 ]
     [ 0.14943175  0.16115987  0.84040866 -0.65917947  0.94922898 -0.49391419 -3.31229488  0.         -1.23738775 -0.32137634 -0.64800256 -0.30174845 -1.5696336  -0.50604328  0.8921407   4.41067548]]
    eigvals of hessian_by_M_M: [ 0.51924282  0.51924282  1.42078152  1.42078152  2.63896187  2.63896187  4.11668757  4.11668757  5.80372875  5.80372875  9.37321659  9.37321659 12.19789333 12.19789333 14.47777939 14.47777939]
SSpiral(20):
    iter_times, elapsed_time, sqdiff: 300, 1.0139179229736328, 1.6713751428448356
    MSN: Tensor(
        [[ 0.52260474+0.02706413j -0.37548011-0.62067584j -0.21197937+0.88077447j -0.70165664-0.71151642j]
         [-0.31025591+0.96140227j -0.08538668-0.09980797j  0.55601231-0.68718926j  0.67755382-0.7942624j ]
         [-0.90741083+0.51758937j  0.27931834-1.02652742j  0.17978385+0.99150995j  1.28733429-0.74264545j]
         [ 0.49160376-0.7032245j   0.05165312+0.64761277j -0.42272518-0.33899799j -0.75891393+0.85371579j]]
        labels=['kl', 'kr'],
        shape=(4, 4),
    )
    grad_by_reM_reM: Tensor(
        [-6.23598395e-14+2.22044605e-16j -1.38613079e-14+0.00000000e+00j -7.76045894e-14-3.96384314e-16j -3.35148576e-14-9.71445147e-17j  2.20552743e-14+5.55111512e-17j -3.11903281e-15-1.66967135e-16j  2.63677968e-14-1.80411242e-16j  2.00811590e-14-1.17961196e-16j]
        labels=[('kl', 'RdhQJJDP')],
        shape=(8,),
    )
    grad_by_imM_imM: Tensor(
        [-4.17582635e-14-2.42861287e-16j -3.95378175e-14-6.33174069e-17j -1.61684902e-14+1.66533454e-16j -3.10446113e-14+6.24500451e-17j  5.57054403e-14+1.28369537e-16j  2.85505126e-14-9.36750677e-17j -1.06997744e-14-3.46944695e-16j -1.58692504e-14-6.24500451e-17j]
        labels=[('kl', 'RdhQJJDP')],
        shape=(8,),
    )
    hessian_by_M_M: [[ 4.64300943e+00  1.42893145e+00  1.00499489e+00  6.80738777e-01  1.09706508e+00  6.70516891e-01 -1.58242282e+00 -6.66660657e-01  0.00000000e+00 -3.25276439e-01  5.86406754e-01  5.91155068e-01 -2.79840274e-01  7.01428598e-02 -4.44164246e-01  1.22643942e-01]
     [ 1.42893145e+00  2.12414026e+00  6.37520798e-01  3.91083451e-01  1.14266044e+00  5.93048200e-01 -4.22870966e-01 -1.53195410e-02  3.25276439e-01  0.00000000e+00 -5.85678206e-01  5.14390371e-01  5.22054905e-01 -1.97980620e-01 -6.89354604e-01  2.04754845e-01]
     [ 1.00499489e+00  6.37520798e-01  5.88517240e+00  1.76828794e+00  5.09599309e-01  3.54475333e-01 -3.12992295e-01 -5.72741031e-01 -5.86406754e-01  5.85678206e-01  0.00000000e+00  5.12748878e-02  3.03727714e-01 -4.59860612e-01  1.09940751e-01  2.99378418e-01]
     [ 6.80738777e-01  3.91083451e-01  1.76828794e+00  1.59841985e+00 -6.13003780e-01  3.48797954e-03  2.47389589e-01 -3.04928240e-02 -5.91155068e-01 -5.14390371e-01 -5.12748878e-02  0.00000000e+00 -2.72723157e-01 -6.45044956e-01 -6.20468841e-01 -3.71203626e-01]
     [ 1.09706508e+00  1.14266044e+00  5.09599309e-01 -6.13003780e-01  5.71304050e+00  1.78529032e+00 -1.20887609e+00 -1.10714323e+00  2.79840274e-01 -5.22054905e-01 -3.03727714e-01  2.72723157e-01  0.00000000e+00 -6.60014858e-01  9.38880794e-02  4.66998183e-01]
     [ 6.70516891e-01  5.93048200e-01  3.54475333e-01  3.48797954e-03  1.78529032e+00  2.70958248e+00  5.11148243e-01 -3.07349155e-01 -7.01428598e-02  1.97980620e-01  4.59860612e-01  6.45044956e-01  6.60014858e-01  0.00000000e+00  2.10938573e-01 -4.10254314e-02]
     [-1.58242282e+00 -4.22870966e-01 -3.12992295e-01  2.47389589e-01 -1.20887609e+00  5.11148243e-01  7.02559209e+00  2.00061408e+00  4.44164246e-01  6.89354604e-01 -1.09940751e-01  6.20468841e-01 -9.38880794e-02 -2.10938573e-01  0.00000000e+00 -1.76490840e+00]
     [-6.66660657e-01 -1.53195410e-02 -5.72741031e-01 -3.04928240e-02 -1.10714323e+00 -3.07349155e-01  2.00061408e+00  2.55104659e+00 -1.22643942e-01 -2.04754845e-01 -2.99378418e-01  3.71203626e-01 -4.66998183e-01  4.10254314e-02  1.76490840e+00  0.00000000e+00]
     [ 0.00000000e+00  3.25276439e-01 -5.86406754e-01 -5.91155068e-01  2.79840274e-01 -7.01428598e-02  4.44164246e-01 -1.22643942e-01  4.64300943e+00  1.42893145e+00  1.00499489e+00  6.80738777e-01  1.09706508e+00  6.70516891e-01 -1.58242282e+00 -6.66660657e-01]
     [-3.25276439e-01  0.00000000e+00  5.85678206e-01 -5.14390371e-01 -5.22054905e-01  1.97980620e-01  6.89354604e-01 -2.04754845e-01  1.42893145e+00  2.12414026e+00  6.37520798e-01  3.91083451e-01  1.14266044e+00  5.93048200e-01 -4.22870966e-01 -1.53195410e-02]
     [ 5.86406754e-01 -5.85678206e-01  0.00000000e+00 -5.12748878e-02 -3.03727714e-01  4.59860612e-01 -1.09940751e-01 -2.99378418e-01  1.00499489e+00  6.37520798e-01  5.88517240e+00  1.76828794e+00  5.09599309e-01  3.54475333e-01 -3.12992295e-01 -5.72741031e-01]
     [ 5.91155068e-01  5.14390371e-01  5.12748878e-02  0.00000000e+00  2.72723157e-01  6.45044956e-01  6.20468841e-01  3.71203626e-01  6.80738777e-01  3.91083451e-01  1.76828794e+00  1.59841985e+00 -6.13003780e-01  3.48797954e-03  2.47389589e-01 -3.04928240e-02]
     [-2.79840274e-01  5.22054905e-01  3.03727714e-01 -2.72723157e-01  0.00000000e+00  6.60014858e-01 -9.38880794e-02 -4.66998183e-01  1.09706508e+00  1.14266044e+00  5.09599309e-01 -6.13003780e-01  5.71304050e+00  1.78529032e+00 -1.20887609e+00 -1.10714323e+00]
     [ 7.01428598e-02 -1.97980620e-01 -4.59860612e-01 -6.45044956e-01 -6.60014858e-01  0.00000000e+00 -2.10938573e-01  4.10254314e-02  6.70516891e-01  5.93048200e-01  3.54475333e-01  3.48797954e-03  1.78529032e+00  2.70958248e+00  5.11148243e-01 -3.07349155e-01]
     [-4.44164246e-01 -6.89354604e-01  1.09940751e-01 -6.20468841e-01  9.38880794e-02  2.10938573e-01  0.00000000e+00  1.76490840e+00 -1.58242282e+00 -4.22870966e-01 -3.12992295e-01  2.47389589e-01 -1.20887609e+00  5.11148243e-01  7.02559209e+00  2.00061408e+00]
     [ 1.22643942e-01  2.04754845e-01  2.99378418e-01 -3.71203626e-01  4.66998183e-01 -4.10254314e-02 -1.76490840e+00  0.00000000e+00 -6.66660657e-01 -1.53195410e-02 -5.72741031e-01 -3.04928240e-02 -1.10714323e+00 -3.07349155e-01  2.00061408e+00  2.55104659e+00]]
    eigvals of hessian_by_M_M: [ 0.26536886  0.26536886  0.75406591  0.75406591  1.29811583  1.29811583  1.96429576  1.96429576  3.95540763  3.95540763  6.21716645  6.21716645  7.15426322  7.15426322 10.64131994 10.64131994]
